0 2
1 3
2 2
3 3
4 3
5 3
6 2
7 3
8 2
9 2
10 3
11 2
12 3
13 3
14 3
15 3
16 2
17 3
18 2
19 3
20 2
21 3
22 3
23 3
24 3
25 3
26 3
27 3
28 3
29 3
30 3
31 3
32 3
33 3
34 3
35 2
36 2
37 3
38 2
39 3
40 3
41 2
42 3
43 3
44 2
45 3
46 3
47 3
48 3
49 2
50 3
51 3
52 2
53 2
54 3
55 2
56 3
57 2
58 2
59 3
60 3
61 2
62 3
63 3
64 2
65 3
66 3
67 2
68 2
69 3
70 3
71 2
72 2
73 3
74 2
75 3
76 3
77 3
78 2
79 3
80 3
81 1
82 3
83 3
84 2
85 3
86 3
87 3
88 2
89 2
90 2
91 3
92 3
93 2
94 2
95 3
96 3
97 3
98 3
99 2
100 2
101 2
102 2
103 3
104 3
105 2
106 3
107 2
108 3
109 3
110 3
111 3
112 2
113 3
114 3
115 3
116 2
117 2
118 1
119 2
120 3
121 2
122 2
123 3
124 2
125 2
126 2
127 2
128 3
129 2
130 3
131 3
132 3
133 3
134 3
135 3
136 3
137 3
138 2
139 2
140 3
141 3
142 2
143 2
144 3
145 3
146 3
147 2
148 3
149 3
150 3
151 3
152 2
153 3
154 2
155 2
156 2
157 3
158 3
159 3
160 2
161 3
162 3
163 2
164 3
165 2
166 2
167 3
168 3
169 3
170 3
171 2
172 2
173 2
174 3
175 3
176 2
177 3
178 2
179 3
180 3
181 2
182 2
183 3
184 2
185 3
186 2
187 2
188 2
189 3
190 2
191 3
192 2
193 2
194 2
195 3
196 2
197 3
198 3
199 2
200 3
201 3
202 2
203 2
204 3
205 3
206 2
207 2
208 2
209 3
210 2
211 3
212 2
213 2
214 2
215 3
216 2
217 2
218 2
219 3
220 2
221 3
222 3
223 2
224 3
225 3
226 2
227 3
228 3
229 3
230 2
231 3
232 2
233 3
234 3
235 3
236 3
237 2
238 3
239 3
240 3
241 3
242 3
243 3
244 2
245 2
246 3
247 3
248 2
249 2
250 2
251 2
252 2
253 3
254 2
255 3
256 2
257 2
258 3
259 3
260 3
261 3
262 3
263 3
264 3
265 3
266 2
267 2
268 3
269 3
270 2
271 2
272 2
273 3
274 3
275 2
276 3
277 2
278 3
279 3
280 2
281 3
282 2
283 3
284 3
285 3
286 3
287 2
288 3
289 3
290 3
291 3
292 3
293 2
294 2
295 3
296 3
297 2
298 3
299 2
300 3
301 3
302 3
303 2
304 2
305 3
306 3
307 3
308 2
309 3
310 3
311 3
312 2
313 3
314 3
315 2
316 3
317 2
318 2
319 3
320 3
321 3
322 2
323 3
324 3
325 3
326 3
327 3
328 3
329 2
330 3
331 3
332 3
333 2
334 2
335 2
336 2
337 3
338 2
339 3
340 2
341 3
342 3
343 3
344 3
345 3
346 2
347 3
348 3
349 3
350 3
351 3
352 3
353 3
354 3
355 3
356 3
357 2
358 3
359 3
360 2
361 3
362 2
363 2
364 3
365 2
366 2
367 3
368 2
369 2
370 3
371 3
372 3
373 3
374 3
375 3
376 3
377 3
378 3
379 3
380 3
381 2
382 2
383 3
384 3
385 3
386 3
387 3
388 3
389 3
390 3
391 2
392 2
393 2
394 3
395 2
396 2
397 3
398 3
399 3
400 3
401 3
402 3
403 3
404 3
405 2
406 2
407 3
408 3
409 3
410 2
411 3
412 2
413 2
414 2
415 3
416 3
417 2
418 3
419 3
420 3
421 2
422 3
423 3
424 2
425 2
426 3
427 3
428 3
429 2
430 3
431 2
432 3
433 3
434 3
435 2
436 3
437 2
438 3
439 2
440 3
441 3
442 3
443 3
444 3
445 2
446 2
447 2
448 2
449 3
450 3
451 3
452 2
453 3
454 3
455 3
456 2
457 3
458 3
459 3
460 3
461 3
462 2
463 3
464 3
465 2
466 3
467 3
468 3
469 3
470 3
471 3
472 2
473 3
474 2
475 3
476 3
477 2
478 3
479 3
480 2
481 2
482 3
483 3
484 3
485 2
486 2
487 3
488 2
489 2
490 3
491 3
492 3
493 3
494 3
495 2
496 1
497 3
498 3
499 3
500 3
501 3
502 3
503 2
504 3
505 2
506 2
507 2
508 3
509 2
510 3
511 2
512 2
513 3
514 3
515 3
516 3
517 2
518 3
519 1
520 3
521 2
522 3
523 3
524 3
525 3
526 2
527 2
528 3
529 2
530 2
531 2
532 2
533 2
534 3
535 3
536 3
537 3
538 3
539 2
540 2
541 2
542 3
543 3
544 3
545 2
546 2
547 3
548 2
549 2
550 3
551 2
552 3
553 3
554 2
555 2
556 3
557 3
558 2
559 3
560 3
561 2
562 3
563 3
564 3
565 2
566 3
567 3
568 2
569 3
570 3
571 3
572 3
573 3
574 3
575 3
576 3
577 1
578 2
579 2
580 3
581 3
582 3
583 2
584 2
585 3
586 3
587 3
588 3
589 3
590 2
591 3
592 2
593 3
594 3
595 3
596 3
597 3
598 2
599 3
600 2
601 3
602 2
603 2
604 3
605 2
606 3
607 3
608 2
609 3
610 3
611 3
612 1
613 3
614 3
615 3
616 2
617 3
618 3
619 3
620 2
621 3
622 2
623 3
624 2
625 2
626 2
627 2
628 2
629 2
630 2
631 3
632 3
633 2
634 3
635 3
636 2
637 3
638 3
639 3
640 3
641 3
642 2
643 3
644 2
645 3
646 2
647 3
648 3
649 3
650 3
651 3
652 2
653 3
654 2
655 3
656 3
657 3
658 3
659 3
660 3
661 2
662 3
663 3
664 2
665 2
666 3
667 3
668 3
669 3
670 3
671 2
672 3
673 3
674 2
675 3
676 3
677 3
678 3
679 2
680 3
681 3
682 2
683 3
684 2
685 2
686 3
687 3
688 3
689 1
690 3
691 3
692 3
693 3
694 3
695 3
696 3
697 3
698 2
699 3
700 3
701 3
702 2
703 3
704 3
705 3
706 2
707 3
708 2
709 2
710 3
711 3
712 3
713 3
714 3
715 3
716 3
717 2
718 2
719 3
720 3
721 3
722 3
723 3
724 2
725 2
726 3
727 2
728 3
729 3
730 3
731 3
732 2
733 3
734 3
735 3
736 3
737 3
738 2
739 2
740 2
741 3
742 3
743 3
744 3
745 3
746 3
747 3
748 3
749 3
750 3
751 2
752 2
753 2
754 3
755 3
756 2
757 3
758 3
759 3
760 2
761 3
762 2
763 2
764 2
765 3
766 3
767 3
768 3
769 2
770 3
771 3
772 3
773 2
774 3
775 3
776 3
777 3
778 3
779 3
780 3
781 2
782 3
783 3
784 3
785 3
786 3
787 3
788 3
789 3
790 3
791 2
792 2
793 2
794 3
795 3
796 3
797 3
798 3
799 3
800 3
801 3
802 3
803 2
804 2
805 2
806 2
807 3
808 3
809 3
810 2
811 3
812 3
813 2
814 3
815 2
816 3
817 3
818 2
819 2
820 3
821 3
822 2
823 2
824 3
825 2
826 2
827 3
828 3
829 3
830 3
831 2
832 3
833 2
834 3
835 3
836 2
837 2
838 3
839 3
840 3
841 2
842 3
843 3
844 2
845 3
846 3
847 2
848 2
849 3
850 3
851 3
852 3
853 3
854 3
855 3
856 3
857 3
858 3
859 3
860 2
861 3
862 2
863 3
864 2
865 2
866 3
867 3
868 2
869 2
870 3
871 3
872 2
873 3
874 3
875 3
876 2
877 3
878 2
879 2
880 3
881 3
882 2
883 3
884 2
885 3
886 3
887 3
888 3
889 2
890 3
891 2
892 2
893 3
894 3
895 3
896 3
897 3
898 3
899 3
900 3
901 3
902 3
903 3
904 3
905 3
906 2
907 2
908 2
909 2
910 2
911 3
912 2
913 2
914 3
915 3
916 3
917 2
918 2
919 2
920 2
921 3
922 3
923 2
924 3
925 2
926 2
927 3
928 3
929 2
930 2
931 3
932 3
933 2
934 2
935 3
936 3
937 3
938 2
939 3
940 3
941 3
942 3
943 2
944 3
945 2
946 3
947 3
948 3
949 3
950 2
951 2
952 3
953 3
954 3
955 3
956 3
957 3
958 3
959 3
960 2
961 3
962 2
963 3
964 3
965 3
966 2
967 3
968 2
969 2
970 2
971 3
972 3
973 3
974 3
975 2
976 3
977 3
978 3
979 3
980 3
981 2
982 2
983 2
984 2
985 3
986 3
987 3
988 3
989 3
990 3
991 2
992 2
993 3
994 3
995 3
996 3
997 2
998 3
999 3
1000 2
1001 3
1002 3
1003 2
1004 3
1005 3
1006 2
1007 2
1008 2
1009 2
1010 3
1011 2
1012 2
1013 3
1014 3
1015 3
1016 3
1017 3
1018 2
1019 3
1020 3
1021 3
1022 2
1023 3
1024 3
1025 2
1026 2
1027 2
1028 2
1029 2
1030 3
1031 2
1032 3
1033 2
1034 3
1035 3
1036 2
1037 2
1038 3
1039 3
1040 3
1041 3
1042 3
1043 2
1044 3
1045 3
1046 3
1047 3
1048 3
1049 2
1050 2
1051 3
1052 2
1053 3
1054 3
1055 2
1056 3
1057 2
1058 2
1059 3
1060 3
1061 3
1062 3
1063 3
1064 3
1065 2
1066 3
1067 3
1068 3
1069 2
1070 3
1071 3
1072 2
1073 3
1074 3
1075 3
1076 3
1077 2
1078 3
1079 2
1080 3
1081 2
1082 2
1083 2
1084 2
1085 3
1086 3
1087 2
1088 3
1089 3
1090 3
1091 3
1092 3
1093 3
1094 3
1095 2
1096 3
1097 3
1098 3
1099 2
1100 3
1101 2
1102 3
1103 3
1104 3
1105 3
1106 3
1107 3
1108 2
1109 3
1110 3
1111 3
1112 3
1113 3
1114 2
1115 3
1116 2
1117 2
1118 3
1119 3
1120 2
1121 3
1122 3
1123 3
1124 2
1125 3
1126 2
1127 3
1128 2
1129 3
1130 3
1131 3
1132 3
1133 3
1134 3
1135 2
1136 3
1137 2
1138 2
1139 3
1140 3
1141 3
1142 2
1143 3
1144 3
1145 2
1146 3
1147 2
1148 3
1149 3
1150 2
1151 3
1152 2
1153 3
1154 3
1155 3
1156 2
1157 3
1158 3
1159 3
1160 3
1161 3
1162 2
1163 2
1164 3
1165 2
1166 3
1167 3
1168 3
1169 2
1170 2
1171 3
1172 3
1173 3
1174 3
1175 3
1176 3
1177 3
1178 3
1179 3
1180 2
1181 3
1182 3
1183 3
1184 2
1185 2
1186 3
1187 3
1188 3
1189 3
1190 3
1191 2
1192 2
1193 2
1194 3
1195 3
1196 3
1197 3
1198 3
1199 3
1200 2
1201 2
1202 3
1203 2
1204 3
1205 2
1206 2
1207 3
1208 3
1209 3
1210 3
1211 3
1212 2
1213 3
1214 3
1215 3
1216 2
1217 3
1218 2
1219 2
1220 3
1221 2
1222 3
1223 3
1224 3
1225 3
1226 2
1227 2
1228 3
1229 2
1230 3
1231 3
1232 3
1233 3
1234 3
1235 3
1236 2
1237 3
1238 3
1239 3
1240 3
1241 2
1242 3
1243 2
1244 3
1245 2
1246 3
1247 3
1248 2
1249 3
1250 3
1251 3
1252 3
1253 3
1254 2
1255 2
1256 3
1257 2
1258 3
1259 3
1260 3
1261 3
1262 2
1263 2
1264 3
1265 3
1266 3
1267 3
1268 3
1269 3
1270 3
1271 3
1272 2
1273 3
1274 3
1275 3
1276 3
1277 3
1278 3
1279 3
1280 3
1281 3
1282 3
1283 3
1284 3
1285 2
1286 2
1287 1
1288 2
1289 2
1290 2
1291 3
1292 2
1293 3
1294 2
1295 3
1296 3
1297 3
1298 3
1299 3
1300 2
1301 3
1302 3
1303 2
1304 3
1305 3
1306 3
1307 3
1308 3
1309 1
1310 3
1311 2
1312 3
1313 3
1314 3
1315 3
1316 3
1317 3
1318 2
1319 3
1320 2
1321 3
1322 2
1323 3
1324 3
1325 2
1326 3
1327 2
1328 3
1329 3
1330 3
1331 3
1332 3
1333 3
1334 2
1335 3
1336 2
1337 3
1338 3
1339 2
1340 3
1341 3
1342 3
1343 2
1344 2
1345 3
1346 3
1347 2
1348 3
1349 3
1350 3
1351 2
1352 2
1353 3
1354 3
1355 3
1356 3
1357 3
1358 3
1359 3
1360 2
1361 2
1362 2
1363 3
1364 3
1365 3
1366 2
1367 2
1368 3
1369 3
1370 3
1371 3
1372 3
1373 2
1374 3
1375 3
1376 3
1377 3
1378 2
1379 3
1380 3
1381 3
1382 3
1383 3
1384 2
1385 3
1386 3
1387 3
1388 2
1389 3
1390 2
1391 3
1392 2
1393 2
1394 3
1395 2
1396 3
1397 3
1398 2
1399 2
1400 2
1401 3
1402 3
1403 3
1404 2
1405 3
1406 3
1407 3
1408 2
1409 3
1410 2
1411 3
1412 3
1413 2
1414 3
1415 2
1416 2
1417 2
1418 3
1419 3
1420 2
1421 3
1422 2
1423 3
1424 3
1425 3
1426 2
1427 3
1428 3
1429 3
1430 3
1431 3
1432 2
1433 3
1434 3
1435 3
1436 2
1437 2
1438 2
1439 3
1440 3
1441 3
1442 2
1443 2
1444 3
1445 3
1446 3
1447 2
1448 2
1449 3
1450 3
1451 3
1452 2
1453 3
1454 3
1455 2
1456 3
1457 2
1458 3
1459 2
1460 2
1461 3
1462 3
1463 2
1464 2
1465 3
1466 2
1467 2
1468 2
1469 2
1470 3
1471 2
1472 2
1473 2
1474 3
1475 3
1476 3
1477 3
1478 3
1479 2
1480 3
1481 3
1482 2
1483 2
1484 2
1485 2
1486 3
1487 3
1488 3
1489 3
1490 2
1491 3
1492 3
1493 3
1494 3
1495 3
1496 2
1497 3
1498 3
1499 2
1500 2
1501 3
1502 3
1503 2
1504 3
1505 3
1506 3
1507 3
1508 3
1509 3
1510 3
1511 3
1512 3
1513 3
1514 3
1515 2
1516 3
1517 3
1518 3
1519 3
1520 2
1521 3
1522 2
1523 2
1524 3
1525 3
1526 3
1527 2
1528 3
1529 3
1530 3
1531 3
1532 2
1533 2
1534 3
1535 2
1536 2
1537 3
1538 3
1539 3
1540 3
1541 3
1542 3
1543 3
1544 2
1545 3
1546 2
1547 2
1548 3
1549 3
1550 3
1551 3
1552 2
1553 3
1554 2
1555 3
1556 3
1557 3
1558 3
1559 3
1560 3
1561 3
1562 2
1563 2
1564 2
1565 3
1566 3
1567 3
1568 3
1569 3
1570 3
1571 3
1572 3
1573 3
1574 3
1575 2
1576 3
1577 3
1578 2
1579 2
1580 3
1581 3
1582 3
1583 3
1584 3
1585 3
1586 3
1587 2
1588 3
1589 2
1590 3
1591 3
1592 2
1593 2
1594 3
1595 3
1596 3
1597 3
1598 3
1599 3
1600 3
1601 3
1602 3
1603 2
1604 2
1605 3
1606 3
1607 2
1608 3
1609 2
1610 2
1611 3
1612 3
1613 3
1614 3
1615 2
1616 3
1617 2
1618 3
1619 3
1620 2
1621 3
1622 3
1623 3
1624 2
1625 3
1626 3
1627 3
1628 3
1629 3
1630 3
1631 3
1632 3
1633 3
1634 3
1635 3
1636 3
1637 3
1638 3
1639 3
1640 2
1641 3
1642 3
1643 2
1644 3
1645 3
1646 2
1647 2
1648 2
1649 3
1650 3
1651 3
1652 3
1653 3
1654 3
1655 3
1656 3
1657 3
1658 2
1659 2
1660 3
1661 3
1662 3
1663 2
1664 3
1665 2
1666 3
1667 2
1668 3
1669 3
1670 3
1671 3
1672 2
1673 3
1674 3
1675 3
1676 2
1677 3
1678 3
1679 3
1680 3
1681 2
1682 3
1683 3
1684 3
1685 3
1686 2
1687 3
1688 3
1689 3
1690 2
1691 3
1692 2
1693 3
1694 2
1695 3
1696 3
1697 2
1698 3
1699 3
1700 3
1701 3
1702 3
1703 2
1704 2
1705 2
1706 2
1707 3
1708 3
1709 2
1710 2
1711 3
1712 3
1713 3
1714 3
1715 2
1716 3
1717 3
1718 2
1719 3
1720 3
1721 3
1722 3
1723 3
1724 3
1725 2
1726 3
1727 3
1728 3
1729 3
1730 3
1731 3
1732 2
1733 3
1734 3
1735 3
1736 2
1737 3
1738 3
1739 3
1740 3
1741 2
1742 3
1743 3
1744 3
1745 3
1746 2
1747 3
1748 2
1749 2
1750 2
1751 2
1752 2
1753 2
1754 2
1755 3
1756 3
1757 2
1758 2
1759 2
1760 3
1761 3
1762 3
1763 3
1764 2
1765 2
1766 3
1767 2
1768 2
1769 3
1770 3
1771 2
1772 2
1773 2
1774 2
1775 3
1776 3
1777 3
1778 2
1779 3
1780 3
1781 3
1782 2
1783 3
1784 3
1785 3
1786 3
1787 3
1788 3
1789 3
1790 2
1791 2
1792 3
1793 3
1794 3
1795 3
1796 3
1797 3
1798 2
1799 3
1800 3
1801 2
1802 3
1803 2
1804 3
1805 3
1806 3
1807 3
1808 2
1809 3
1810 3
1811 3
1812 2
1813 3
1814 3
1815 2
1816 3
1817 3
1818 3
1819 3
1820 2
1821 3
1822 3
1823 2
1824 3
1825 2
1826 2
1827 3
1828 2
1829 3
1830 2
1831 3
1832 3
1833 3
1834 2
1835 2
1836 3
1837 2
1838 3
1839 3
1840 3
1841 3
1842 3
1843 2
1844 3
1845 3
1846 3
1847 3
1848 2
1849 2
1850 2
1851 2
1852 2
1853 3
1854 2
1855 3
1856 3
1857 2
1858 3
1859 3
1860 3
1861 3
1862 3
1863 2
1864 3
1865 3
1866 3
1867 2
1868 3
1869 2
1870 3
1871 3
1872 3
1873 3
1874 2
1875 3
1876 3
1877 3
1878 3
1879 2
1880 3
1881 2
1882 3
1883 3
1884 3
1885 3
1886 3
1887 3
1888 3
1889 3
1890 3
1891 2
1892 3
1893 3
1894 3
1895 3
1896 3
1897 2
1898 3
1899 3
1900 3
1901 3
1902 3
1903 2
1904 3
1905 3
1906 2
1907 2
1908 3
1909 3
1910 3
1911 3
1912 3
1913 3
1914 3
1915 3
1916 3
1917 3
1918 3
1919 3
1920 3
1921 2
1922 3
1923 3
1924 3
1925 2
1926 2
1927 2
1928 2
1929 3
1930 3
1931 3
1932 3
1933 2
1934 3
1935 2
1936 3
1937 3
1938 3
1939 3
1940 3
1941 2
1942 3
1943 3
1944 2
1945 3
1946 3
1947 3
1948 3
1949 3
1950 2
1951 3
1952 2
1953 2
1954 3
1955 3
1956 2
1957 2
1958 3
1959 3
1960 2
1961 2
1962 2
1963 2
1964 2
1965 2
1966 2
1967 3
1968 3
1969 3
1970 3
1971 3
1972 2
1973 2
1974 3
1975 3
1976 2
1977 3
1978 3
1979 3
1980 3
1981 3
1982 2
1983 3
1984 2
1985 3
1986 3
1987 2
1988 2
1989 2
1990 3
1991 2
1992 3
1993 3
1994 3
1995 3
1996 2
1997 3
1998 2
1999 3
2000 3
2001 3
2002 3
2003 3
2004 3
2005 3
2006 3
2007 3
2008 2
2009 2
2010 3
2011 3
2012 2
2013 3
2014 3
2015 2
2016 2
2017 2
2018 3
2019 2
2020 3
2021 3
2022 2
2023 2
2024 2
2025 2
2026 3
2027 3
2028 3
2029 2
2030 3
2031 2
2032 2
2033 2
2034 3
2035 3
2036 2
2037 2
2038 3
2039 3
2040 2
2041 3
2042 2
2043 3
2044 2
2045 3
2046 2
2047 2
2048 3
2049 3
2050 2
2051 3
2052 3
2053 3
2054 3
2055 2
2056 3
2057 2
2058 3
2059 3
2060 2
2061 3
2062 3
2063 3
2064 3
2065 2
2066 2
2067 3
2068 3
2069 3
2070 3
2071 3
2072 2
2073 3
2074 3
2075 3
2076 3
2077 3
2078 3
2079 2
2080 3
2081 2
2082 2
2083 3
2084 2
2085 2
2086 3
2087 3
2088 3
2089 3
2090 3
2091 3
2092 2
2093 3
2094 2
2095 3
2096 3
2097 2
2098 2
2099 2
2100 2
2101 3
2102 3
2103 2
2104 2
2105 3
2106 3
2107 3
2108 3
2109 3
2110 3
2111 2
2112 2
2113 3
2114 3
2115 3
2116 3
2117 3
2118 2
2119 3
2120 2
2121 2
2122 2
2123 2
2124 3
2125 2
2126 3
2127 3
2128 3
2129 3
2130 2
2131 3
2132 3
2133 2
2134 2
2135 3
2136 3
2137 3
2138 3
2139 3
2140 2
2141 2
2142 3
2143 2
2144 3
2145 3
2146 3
2147 2
2148 3
2149 3
2150 3
2151 2
2152 3
2153 3
2154 2
2155 3
2156 3
2157 3
2158 3
2159 3
2160 3
2161 2
2162 3
2163 2
2164 3
2165 2
2166 3
2167 3
2168 2
2169 3
2170 3
2171 2
2172 3
2173 2
2174 3
2175 3
2176 3
2177 3
2178 2
2179 3
2180 2
2181 2
2182 3
2183 2
2184 2
2185 3
2186 3
2187 3
2188 3
2189 2
2190 2
2191 3
2192 3
2193 3
2194 2
2195 2
2196 3
2197 3
2198 3
2199 3
2200 2
2201 2
2202 3
2203 3
2204 2
2205 3
2206 3
2207 3
2208 2
2209 3
2210 3
2211 2
2212 2
2213 2
2214 3
2215 3
2216 3
2217 3
2218 2
2219 2
2220 3
2221 3
2222 2
2223 3
2224 2
2225 3
2226 3
2227 3
2228 3
2229 2
2230 2
2231 3
2232 3
2233 3
2234 3
2235 2
2236 2
2237 2
2238 3
2239 3
2240 3
2241 2
2242 3
2243 3
2244 2
2245 3
2246 2
2247 3
2248 3
2249 3
2250 3
2251 3
2252 2
2253 3
2254 3
2255 3
2256 3
2257 2
2258 2
2259 3
2260 3
2261 3
2262 3
2263 3
2264 2
2265 3
2266 2
2267 3
2268 3
2269 3
2270 3
2271 3
2272 3
2273 3
2274 2
2275 3
2276 3
2277 2
2278 3
2279 2
2280 2
2281 3
2282 2
2283 2
2284 2
2285 3
2286 2
2287 2
2288 3
2289 3
2290 2
2291 3
2292 3
2293 3
2294 2
2295 3
2296 2
2297 3
2298 3
2299 2
2300 2
2301 3
2302 3
2303 2
2304 3
2305 3
2306 3
2307 2
2308 2
2309 2
2310 2
2311 2
2312 3
2313 3
2314 3
2315 3
2316 3
2317 3
2318 3
2319 3
2320 3
2321 3
2322 3
2323 2
2324 3
2325 2
2326 2
2327 3
2328 3
2329 2
2330 3
2331 3
2332 2
2333 3
2334 3
2335 2
2336 3
2337 2
2338 3
2339 2
2340 3
2341 3
2342 2
2343 3
2344 2
2345 2
2346 3
2347 3
2348 2
2349 2
2350 3
2351 3
2352 3
2353 3
2354 2
2355 3
2356 2
2357 3
2358 3
2359 2
2360 3
2361 2
2362 3
2363 3
2364 3
2365 3
2366 2
2367 2
2368 2
2369 3
2370 3
2371 3
2372 3
2373 2
2374 3
2375 3
2376 3
2377 2
2378 2
2379 3
2380 3
2381 3
2382 2
2383 3
2384 3
2385 2
2386 2
2387 3
2388 2
2389 3
2390 2
2391 3
2392 3
2393 3
2394 2
2395 2
2396 2
2397 3
2398 2
2399 3
2400 3
2401 2
2402 3
2403 3
2404 2
2405 3
2406 2
2407 3
2408 3
2409 2
2410 2
2411 3
2412 2
2413 3
2414 3
2415 3
2416 3
2417 2
2418 3
2419 3
2420 3
2421 2
2422 3
2423 2
2424 3
2425 3
2426 3
2427 3
2428 2
2429 3
2430 3
2431 3
2432 3
2433 2
2434 2
2435 2
2436 3
2437 2
2438 3
2439 3
2440 3
2441 3
2442 3
2443 3
2444 3
2445 2
2446 2
2447 2
2448 3
2449 3
2450 2
2451 2
2452 2
2453 2
2454 2
2455 3
2456 2
2457 2
2458 3
2459 3
2460 2
2461 3
2462 2
2463 2
2464 3
2465 3
2466 3
2467 3
2468 2
2469 2
2470 2
2471 2
2472 3
2473 3
2474 3
2475 3
2476 3
2477 2
2478 3
2479 2
2480 2
2481 2
2482 3
2483 3
2484 3
2485 2
2486 3
2487 3
2488 3
2489 3
2490 3
2491 2
2492 3
2493 3
2494 3
2495 3
2496 2
2497 3
2498 3
2499 2
2500 2
2501 3
2502 3
2503 2
2504 3
2505 2
2506 2
2507 3
2508 3
2509 2
2510 3
2511 3
2512 2
2513 3
2514 3
2515 2
2516 3
2517 3
2518 2
2519 2
2520 3
2521 3
2522 2
2523 3
2524 2
2525 2
2526 3
2527 2
2528 2
2529 3
2530 3
2531 3
2532 2
2533 2
2534 3
2535 3
2536 2
2537 3
2538 3
2539 2
2540 2
2541 2
2542 3
2543 2
2544 3
2545 2
2546 2
2547 2
2548 3
2549 3
2550 3
2551 3
2552 3
2553 2
2554 3
2555 3
2556 3
2557 2
2558 3
2559 3
2560 3
2561 3
2562 3
2563 3
2564 3
2565 2
2566 3
2567 3
2568 3
2569 2
2570 2
2571 3
2572 3
2573 3
2574 3
2575 2
2576 2
2577 2
2578 3
2579 2
2580 2
2581 2
2582 2
2583 3
2584 2
2585 3
2586 2
2587 3
2588 2
2589 3
2590 3
2591 3
2592 2
2593 3
2594 2
2595 2
2596 3
2597 3
2598 2
2599 2
2600 2
2601 2
2602 3
2603 3
2604 2
2605 2
2606 2
2607 3
2608 2
2609 3
2610 2
2611 3
2612 3
2613 3
2614 2
2615 2
2616 2
2617 2
2618 2
2619 2
2620 3
2621 2
2622 2
2623 2
2624 3
2625 3
2626 2
2627 2
2628 3
2629 2
2630 2
2631 3
2632 2
2633 2
2634 2
2635 3
2636 3
2637 3
2638 3
2639 2
2640 2
2641 2
2642 3
2643 2
2644 3
2645 3
2646 3
2647 3
2648 3
2649 2
2650 3
2651 2
2652 2
2653 3
2654 3
2655 3
2656 3
2657 2
2658 2
2659 2
2660 3
2661 2
2662 3
2663 2
2664 3
2665 3
2666 3
2667 3
2668 3
2669 3
2670 2
2671 2
2672 2
2673 2
2674 3
2675 3
2676 3
2677 2
2678 3
2679 2
2680 2
2681 2
2682 2
2683 2
2684 3
2685 3
2686 3
2687 3
2688 3
2689 2
2690 2
2691 3
2692 2
2693 3
2694 3
2695 3
2696 2
2697 3
2698 2
2699 3
2700 3
2701 2
2702 2
2703 3
2704 3
2705 3
2706 3
2707 3
2708 2
2709 3
2710 3
2711 2
2712 3
2713 2
2714 3
2715 3
2716 2
2717 3
2718 3
2719 3
2720 3
2721 3
2722 3
2723 2
2724 2
2725 2
2726 3
2727 3
2728 2
2729 2
2730 3
2731 2
2732 3
2733 3
2734 3
2735 2
2736 3
2737 2
2738 3
2739 3
2740 3
2741 3
2742 2
2743 3
2744 3
2745 3
2746 3
2747 3
2748 3
2749 2
2750 2
2751 3
2752 3
2753 3
2754 3
2755 3
2756 3
2757 2
2758 3
2759 2
2760 2
2761 2
2762 2
2763 3
2764 3
2765 3
2766 3
2767 3
2768 3
2769 2
2770 3
2771 3
2772 2
2773 3
2774 3
2775 3
2776 3
2777 2
2778 2
2779 2
2780 3
2781 3
2782 3
2783 3
2784 3
2785 2
2786 2
2787 3
2788 2
2789 2
2790 3
2791 3
2792 2
2793 2
2794 3
2795 2
2796 3
2797 3
2798 2
2799 2
2800 2
2801 3
2802 2
2803 3
2804 2
2805 3
2806 3
2807 2
2808 3
2809 3
2810 2
2811 3
2812 2
2813 3
2814 2
2815 3
2816 3
2817 2
2818 3
2819 2
2820 3
2821 2
2822 2
2823 2
2824 2
2825 3
2826 2
2827 2
2828 3
2829 2
2830 2
2831 3
2832 3
2833 3
2834 3
2835 2
2836 3
2837 2
2838 3
2839 3
2840 2
2841 2
2842 2
2843 3
2844 3
2845 2
2846 2
2847 3
2848 2
2849 3
2850 2
2851 3
2852 3
2853 2
2854 2
2855 2
2856 2
2857 3
2858 2
2859 2
2860 3
2861 2
2862 2
2863 2
2864 3
2865 3
2866 2
2867 3
2868 3
2869 3
2870 3
2871 2
2872 2
2873 2
2874 2
2875 3
2876 2
2877 3
2878 3
2879 2
2880 3
2881 3
2882 3
2883 2
2884 2
2885 3
2886 2
2887 2
2888 2
2889 2
2890 2
2891 2
2892 3
2893 2
2894 3
2895 3
2896 3
2897 3
2898 3
2899 2
2900 2
2901 2
2902 3
2903 2
2904 3
2905 2
2906 3
2907 2
2908 2
2909 3
2910 2
2911 2
2912 2
2913 2
2914 2
2915 2
2916 3
2917 2
2918 2
2919 3
2920 2
2921 3
2922 3
2923 3
2924 3
2925 3
2926 3
2927 2
2928 3
2929 2
2930 3
2931 2
2932 3
2933 2
2934 3
2935 2
2936 3
2937 2
2938 2
2939 3
2940 3
2941 2
2942 3
2943 3
2944 2
2945 3
2946 3
2947 2
2948 2
2949 2
2950 2
2951 3
2952 3
2953 2
2954 3
2955 3
2956 2
2957 2
2958 3
2959 2
2960 2
2961 3
2962 3
2963 3
2964 2
2965 3
2966 2
2967 2
2968 3
2969 2
2970 2
2971 3
2972 2
2973 3
2974 3
2975 2
2976 3
2977 2
2978 2
2979 3
2980 2
2981 3
2982 3
2983 2
2984 2
2985 2
2986 2
2987 3
2988 3
2989 3
2990 2
2991 3
2992 3
2993 2
2994 2
2995 3
2996 3
2997 2
2998 3
2999 2
3000 3
3001 2
3002 3
3003 2
3004 2
3005 2
3006 2
3007 2
3008 2
3009 2
3010 2
3011 3
3012 3
3013 3
3014 3
3015 2
3016 3
3017 2
3018 3
3019 3
3020 3
3021 2
3022 3
3023 3
3024 3
3025 2
3026 2
3027 2
3028 2
3029 2
3030 2
3031 2
3032 3
3033 3
3034 2
3035 3
3036 3
3037 3
3038 3
3039 3
3040 3
3041 2
3042 2
3043 2
3044 2
3045 3
3046 2
3047 3
3048 2
3049 2
3050 2
3051 3
3052 3
3053 3
3054 2
3055 2
3056 2
3057 3
3058 3
3059 3
3060 2
3061 2
3062 3
3063 3
3064 2
3065 3
3066 2
3067 3
3068 2
3069 2
3070 3
3071 2
3072 3
3073 3
3074 2
3075 3
3076 2
3077 2
3078 2
3079 3
3080 3
3081 2
3082 2
3083 3
3084 2
3085 2
3086 2
3087 3
3088 2
3089 2
3090 3
3091 3
3092 3
3093 2
3094 2
3095 3
3096 2
3097 2
3098 3
3099 2
3100 2
3101 2
3102 2
3103 2
3104 3
3105 3
3106 2
3107 2
3108 3
3109 2
3110 2
3111 3
3112 2
3113 3
3114 2
3115 3
3116 2
3117 2
3118 3
3119 2
3120 2
3121 3
3122 3
3123 3
3124 3
3125 2
3126 3
3127 2
3128 3
3129 2
3130 3
3131 3
3132 2
3133 3
3134 2
3135 2
3136 2
3137 3
3138 3
3139 3
3140 2
3141 3
3142 2
3143 2
3144 2
3145 3
3146 3
3147 2
3148 3
3149 3
3150 3
3151 2
3152 2
3153 2
3154 2
3155 3
3156 2
3157 2
3158 2
3159 3
3160 2
3161 3
3162 2
3163 2
3164 2
3165 3
3166 3
3167 2
3168 3
3169 3
3170 2
3171 3
3172 2
3173 3
3174 3
3175 2
3176 2
3177 2
3178 2
3179 2
3180 2
3181 3
3182 2
3183 2
3184 3
3185 3
3186 2
3187 3
3188 3
3189 3
3190 3
3191 3
3192 3
3193 2
3194 2
3195 3
3196 3
3197 2
3198 3
3199 2
3200 3
3201 3
3202 3
3203 3
3204 3
3205 3
3206 2
3207 3
3208 2
3209 3
3210 3
3211 3
3212 3
3213 2
3214 2
3215 2
3216 3
3217 3
3218 3
3219 3
3220 3
3221 2
3222 3
3223 3
3224 2
3225 3
3226 2
3227 2
3228 2
3229 3
3230 3
3231 2
3232 3
3233 2
3234 2
3235 3
3236 3
3237 2
3238 2
3239 3
3240 3
3241 3
3242 3
3243 2
3244 3
3245 3
3246 3
3247 2
3248 2
3249 3
3250 2
3251 2
3252 3
3253 3
3254 3
3255 2
3256 3
3257 3
3258 2
3259 3
3260 3
3261 3
3262 3
3263 2
3264 3
3265 3
3266 2
3267 3
3268 2
3269 2
3270 2
3271 3
3272 2
3273 2
3274 2
3275 3
3276 3
3277 3
3278 2
3279 3
3280 2
3281 3
3282 2
3283 3
3284 3
3285 2
3286 3
3287 3
3288 3
3289 3
3290 2
3291 3
3292 2
3293 2
3294 3
3295 3
3296 2
3297 3
3298 2
3299 3
3300 3
3301 2
3302 3
3303 2
3304 3
3305 2
3306 2
3307 3
3308 3
3309 3
3310 3
3311 2
3312 2
3313 2
3314 2
3315 3
3316 2
3317 2
3318 3
3319 3
3320 2
3321 2
3322 2
3323 3
3324 3
3325 3
3326 3
3327 3
3328 2
3329 3
3330 3
3331 3
3332 2
3333 3
3334 2
3335 2
3336 3
3337 3
3338 2
3339 2
3340 3
3341 3
3342 2
3343 2
3344 3
3345 2
3346 3
3347 2
3348 2
3349 3
3350 3
3351 2
3352 2
3353 3
3354 3
3355 3
3356 2
3357 3
3358 3
3359 3
3360 3
3361 2
3362 3
3363 2
3364 3
3365 3
3366 3
3367 3
3368 3
3369 2
3370 3
3371 3
3372 2
3373 3
3374 3
3375 3
3376 3
3377 2
3378 2
3379 2
3380 3
3381 3
3382 3
3383 2
3384 2
3385 2
3386 2
3387 2
3388 2
3389 2
3390 3
3391 3
3392 2
3393 2
3394 2
3395 2
3396 3
3397 3
3398 2
3399 3
3400 2
3401 3
3402 2
3403 3
3404 2
3405 3
3406 3
3407 2
3408 2
3409 3
3410 3
3411 2
3412 2
3413 2
3414 2
3415 3
3416 3
3417 2
3418 2
3419 3
3420 2
3421 2
3422 3
3423 3
3424 2
3425 2
3426 3
3427 2
3428 3
3429 2
3430 3
3431 2
3432 2
3433 3
3434 3
3435 2
3436 3
3437 3
3438 3
3439 2
3440 3
3441 2
3442 3
3443 2
3444 2
3445 2
3446 2
3447 2
3448 3
3449 2
3450 2
3451 2
3452 3
3453 3
3454 2
3455 2
3456 2
3457 2
3458 3
3459 2
3460 3
3461 3
3462 3
3463 2
3464 2
3465 3
3466 2
3467 3
3468 3
3469 3
3470 3
3471 2
3472 3
3473 2
3474 2
3475 2
3476 2
3477 2
3478 2
3479 2
3480 2
3481 3
3482 3
3483 3
3484 3
3485 3
3486 2
3487 2
3488 2
3489 2
3490 2
3491 3
3492 3
3493 3
3494 2
3495 3
3496 2
3497 3
3498 3
3499 2
3500 2
3501 2
3502 3
3503 3
3504 2
3505 3
3506 3
3507 3
3508 3
3509 2
3510 2
3511 3
3512 3
3513 3
3514 2
3515 2
3516 3
3517 2
3518 2
3519 3
3520 2
3521 3
3522 3
3523 2
3524 3
3525 3
3526 2
3527 3
3528 3
3529 3
3530 2
3531 3
3532 3
3533 2
3534 3
3535 3
3536 2
3537 2
3538 2
3539 2
3540 3
3541 2
3542 3
3543 2
3544 2
3545 2
3546 2
3547 3
3548 2
3549 2
3550 2
3551 2
3552 3
3553 3
3554 2
3555 2
3556 3
3557 3
3558 3
3559 2
3560 2
3561 2
3562 2
3563 3
3564 3
3565 2
3566 3
3567 2
3568 2
3569 2
3570 3
3571 3
3572 2
3573 3
3574 3
3575 2
3576 3
3577 2
3578 2
3579 3
3580 2
3581 2
3582 3
3583 3
3584 2
3585 3
3586 2
3587 2
3588 3
3589 3
3590 2
3591 3
3592 2
3593 3
3594 3
3595 2
3596 3
3597 2
3598 2
3599 3
3600 3
3601 2
3602 2
3603 2
3604 2
3605 3
3606 2
3607 2
3608 2
3609 3
3610 3
3611 2
3612 3
3613 2
3614 2
3615 2
3616 3
3617 2
3618 2
3619 3
3620 3
3621 3
3622 2
3623 3
3624 3
3625 2
3626 2
3627 2
3628 3
3629 3
3630 3
3631 3
3632 2
3633 3
3634 3
3635 2
3636 2
3637 3
3638 3
3639 2
3640 2
3641 2
3642 2
3643 2
3644 3
3645 3
3646 2
3647 3
3648 2
3649 3
3650 3
3651 3
3652 2
3653 2
3654 2
3655 2
3656 3
3657 2
3658 2
3659 2
3660 2
3661 2
3662 3
3663 3
3664 3
3665 2
3666 3
3667 2
3668 2
3669 3
3670 3
3671 2
3672 2
3673 2
3674 2
3675 3
3676 2
3677 3
3678 2
3679 3
3680 2
3681 2
3682 3
3683 3
3684 2
3685 2
3686 2
3687 3
3688 2
3689 2
3690 2
3691 3
3692 3
3693 3
3694 3
3695 2
3696 3
3697 2
3698 2
3699 2
3700 3
3701 2
3702 3
3703 3
3704 3
3705 3
3706 2
3707 3
3708 3
3709 2
3710 3
3711 2
3712 2
3713 3
3714 2
3715 2
3716 3
3717 3
3718 2
3719 3
3720 2
3721 3
3722 2
3723 2
3724 2
3725 2
3726 2
3727 2
3728 3
3729 2
3730 2
3731 2
3732 2
3733 2
3734 2
3735 3
3736 2
3737 3
3738 2
3739 2
3740 2
3741 2
3742 2
3743 3
3744 2
3745 2
3746 2
3747 2
3748 2
3749 2
3750 2
3751 2
3752 3
3753 2
3754 3
3755 3
3756 3
3757 2
3758 2
3759 2
3760 3
3761 3
3762 3
3763 2
3764 2
3765 3
3766 2
3767 3
3768 2
3769 2
3770 3
3771 3
3772 2
3773 3
3774 2
3775 2
3776 2
3777 2
3778 2
3779 2
3780 2
3781 2
3782 2
3783 2
3784 3
3785 2
3786 3
3787 2
3788 2
3789 3
3790 2
3791 2
3792 2
3793 3
3794 3
3795 2
3796 3
3797 3
3798 2
3799 2
3800 3
3801 2
3802 2
3803 3
3804 3
3805 3
3806 3
3807 2
3808 3
3809 3
3810 2
3811 2
3812 2
3813 2
3814 2
3815 3
3816 2
3817 2
3818 3
3819 3
3820 3
3821 3
3822 2
3823 3
3824 2
3825 2
3826 3
3827 3
3828 2
3829 2
3830 3
3831 3
3832 3
3833 2
3834 3
3835 3
3836 2
3837 3
3838 2
3839 2
3840 3
3841 3
3842 3
3843 2
3844 2
3845 3
3846 2
3847 3
3848 2
3849 3
3850 3
3851 3
3852 2
3853 2
3854 2
3855 3
3856 3
3857 2
3858 2
3859 3
3860 2
3861 2
3862 3
3863 3
3864 3
3865 3
3866 2
3867 2
3868 3
3869 2
3870 2
3871 2
3872 3
3873 2
3874 3
3875 2
3876 2
3877 3
3878 3
3879 2
3880 2
3881 2
3882 2
3883 2
3884 2
3885 3
3886 3
3887 2
3888 2
3889 2
3890 3
3891 3
3892 2
3893 3
3894 3
3895 2
3896 3
3897 3
3898 3
3899 2
3900 2
3901 2
3902 3
3903 2
3904 3
3905 2
3906 2
3907 2
3908 2
3909 2
3910 3
3911 3
3912 3
3913 3
3914 3
3915 2
3916 3
3917 2
3918 3
3919 3
3920 2
3921 2
3922 2
3923 2
3924 3
3925 2
3926 2
3927 3
3928 2
3929 2
3930 2
3931 3
3932 2
3933 2
3934 2
3935 3
3936 2
3937 2
3938 3
3939 2
3940 3
3941 3
3942 3
3943 2
3944 2
3945 2
3946 2
3947 2
3948 3
3949 2
3950 2
3951 2
3952 3
3953 2
3954 3
3955 2
3956 2
3957 2
3958 3
3959 2
3960 2
3961 2
3962 2
3963 2
3964 2
3965 3
3966 2
3967 3
3968 2
3969 3
3970 2
3971 2
3972 2
3973 2
3974 2
3975 2
3976 2
3977 3
3978 2
3979 2
3980 3
3981 3
3982 2
3983 3
3984 2
3985 3
3986 3
3987 3
3988 3
3989 3
3990 2
3991 2
3992 3
3993 3
3994 2
3995 3
3996 2
3997 3
3998 2
3999 2
4000 2
4001 2
4002 3
4003 2
4004 3
4005 3
4006 3
4007 3
4008 2
4009 2
4010 2
4011 3
4012 2
4013 2
4014 3
4015 2
4016 2
4017 2
4018 3
4019 2
4020 3
4021 2
4022 3
4023 2
4024 3
4025 3
4026 3
4027 2
4028 3
4029 2
4030 2
4031 2
4032 3
4033 2
4034 3
4035 2
4036 2
4037 2
4038 3
4039 3
4040 2
4041 3
4042 2
4043 2
4044 3
4045 2
4046 3
4047 3
4048 3
4049 2
4050 2
4051 3
4052 3
4053 2
4054 3
4055 3
4056 3
4057 3
4058 3
4059 3
4060 3
4061 2
4062 3
4063 2
4064 2
4065 3
4066 3
4067 2
4068 2
4069 3
4070 3
4071 3
4072 3
4073 3
4074 3
4075 2
4076 3
4077 2
4078 3
4079 2
4080 3
4081 3
4082 2
4083 2
4084 3
4085 3
4086 2
4087 2
4088 2
4089 2
4090 2
4091 3
4092 2
4093 2
4094 3
4095 3
4096 3
4097 2
4098 2
4099 2
4100 3
4101 3
4102 2
4103 2
4104 2
4105 2
4106 3
4107 2
4108 2
4109 2
4110 2
4111 3
4112 3
4113 2
4114 2
4115 2
4116 3
4117 2
4118 2
4119 2
4120 3
4121 2
4122 3
4123 3
4124 3
4125 3
4126 2
4127 3
4128 3
4129 2
4130 2
4131 2
4132 2
4133 3
4134 3
4135 3
4136 3
4137 3
4138 2
4139 3
4140 2
4141 2
4142 2
4143 3
4144 2
4145 2
4146 3
4147 2
4148 2
4149 2
4150 2
4151 3
4152 3
4153 2
4154 2
4155 2
4156 2
4157 3
4158 3
4159 3
4160 2
4161 2
4162 2
4163 2
4164 2
4165 3
4166 2
4167 2
4168 2
4169 3
4170 2
4171 3
4172 3
4173 3
4174 2
4175 3
4176 3
4177 3
4178 3
4179 2
4180 3
4181 2
4182 3
4183 3
4184 2
4185 2
4186 3
4187 3
4188 2
4189 3
4190 2
4191 2
4192 3
4193 3
4194 3
4195 2
4196 3
4197 2
4198 3
4199 2
4200 2
4201 3
4202 3
4203 3
4204 3
4205 2
4206 3
4207 3
4208 3
4209 2
4210 2
4211 2
4212 3
4213 3
4214 3
4215 2
4216 2
4217 3
4218 2
4219 2
4220 2
4221 2
4222 2
4223 3
4224 2
4225 2
4226 2
4227 3
4228 3
4229 3
4230 3
4231 3
4232 3
4233 2
4234 3
4235 3
4236 2
4237 3
4238 3
4239 3
4240 3
4241 3
4242 2
4243 2
4244 2
4245 3
4246 3
4247 3
4248 2
4249 3
4250 3
4251 2
4252 2
4253 3
4254 2
4255 2
4256 2
4257 2
4258 3
4259 2
4260 2
4261 3
4262 2
4263 3
4264 3
4265 2
4266 3
4267 2
4268 2
4269 3
4270 3
4271 2
4272 3
4273 2
4274 3
4275 3
4276 3
4277 2
4278 2
4279 2
4280 3
4281 3
4282 3
4283 3
4284 2
4285 3
4286 2
4287 3
4288 2
4289 3
4290 3
4291 2
4292 3
4293 3
4294 3
4295 3
4296 3
4297 2
4298 3
4299 2
4300 2
4301 2
4302 3
4303 3
4304 3
4305 3
4306 2
4307 2
4308 2
4309 2
4310 3
4311 2
4312 2
4313 2
4314 2
4315 2
4316 3
4317 2
4318 2
4319 2
4320 2
4321 3
4322 3
4323 2
4324 3
4325 2
4326 2
4327 2
4328 2
4329 2
4330 2
4331 3
4332 3
4333 2
4334 2
4335 3
4336 3
4337 2
4338 2
4339 3
4340 3
4341 2
4342 3
4343 3
4344 3
4345 2
4346 2
4347 3
4348 3
4349 2
4350 2
4351 2
4352 2
4353 2
4354 2
4355 2
4356 2
4357 2
4358 2
4359 2
4360 2
4361 3
4362 3
4363 2
4364 2
4365 2
4366 3
4367 2
4368 3
4369 3
4370 2
4371 3
4372 3
4373 3
4374 2
4375 2
4376 2
4377 2
4378 2
4379 3
4380 2
4381 2
4382 3
4383 2
4384 2
4385 3
4386 2
4387 2
4388 3
4389 3
4390 2
4391 2
4392 2
4393 2
4394 2
4395 3
4396 3
4397 3
4398 3
4399 3
4400 2
4401 3
4402 2
4403 3
4404 3
4405 2
4406 2
4407 2
4408 2
4409 2
4410 3
4411 2
4412 2
4413 2
4414 2
4415 3
4416 2
4417 2
4418 2
4419 2
4420 2
4421 3
4422 2
4423 2
4424 2
4425 2
4426 2
4427 2
4428 3
4429 2
4430 3
4431 3
4432 2
4433 2
4434 3
4435 2
4436 2
4437 3
4438 3
4439 3
4440 3
4441 3
4442 3
4443 3
4444 2
4445 2
4446 2
4447 3
4448 2
4449 2
4450 2
4451 2
4452 2
4453 3
4454 2
4455 2
4456 2
4457 2
4458 2
4459 3
4460 2
4461 2
4462 3
4463 2
4464 2
4465 3
4466 2
4467 3
4468 3
4469 2
4470 3
4471 3
4472 2
4473 2
4474 2
4475 2
4476 2
4477 3
4478 2
4479 3
4480 2
4481 3
4482 3
4483 3
4484 2
4485 2
4486 3
4487 3
4488 2
4489 3
4490 2
4491 2
4492 3
4493 3
4494 2
4495 3
4496 2
4497 2
4498 3
4499 2
4500 2
4501 2
4502 2
4503 3
4504 3
4505 3
4506 3
4507 2
4508 2
4509 2
4510 2
4511 2
4512 2
4513 2
4514 2
4515 2
4516 3
4517 2
4518 2
4519 2
4520 3
4521 2
4522 2
4523 3
4524 3
4525 3
4526 3
4527 2
4528 3
4529 3
4530 2
4531 2
4532 2
4533 2
4534 3
4535 2
4536 2
4537 3
4538 2
4539 2
4540 3
4541 3
4542 3
4543 3
4544 3
4545 3
4546 3
4547 3
4548 3
4549 2
4550 2
4551 3
4552 2
4553 3
4554 3
4555 3
4556 2
4557 3
4558 3
4559 3
4560 3
4561 3
4562 2
4563 3
4564 2
4565 3
4566 3
4567 2
4568 2
4569 3
4570 3
4571 3
4572 2
4573 2
4574 2
4575 2
4576 2
4577 2
4578 3
4579 3
4580 2
4581 2
4582 3
4583 2
4584 2
4585 3
4586 3
4587 2
4588 2
4589 3
4590 3
4591 2
4592 2
4593 2
4594 2
4595 2
4596 3
4597 2
4598 3
4599 3
4600 2
4601 3
4602 2
4603 3
4604 2
4605 2
4606 2
4607 3
4608 3
4609 2
4610 2
4611 3
4612 2
4613 3
4614 3
4615 3
4616 2
4617 3
4618 3
4619 2
4620 3
4621 2
4622 2
4623 3
4624 2
4625 3
4626 2
4627 3
4628 2
4629 3
4630 3
4631 2
4632 3
4633 3
4634 2
4635 2
4636 3
4637 3
4638 2
4639 2
4640 2
4641 2
4642 2
4643 2
4644 3
4645 3
4646 2
4647 3
4648 3
4649 2
4650 2
4651 3
4652 3
4653 2
4654 2
4655 2
4656 2
4657 2
4658 2
4659 2
4660 3
4661 3
4662 2
4663 3
4664 2
4665 2
4666 2
4667 2
4668 3
4669 3
4670 3
4671 2
4672 2
4673 2
4674 2
4675 3
4676 3
4677 2
4678 2
4679 2
4680 3
4681 2
4682 2
4683 3
4684 2
4685 3
4686 2
4687 2
4688 2
4689 2
4690 3
4691 2
4692 3
4693 3
4694 2
4695 3
4696 2
4697 3
4698 2
4699 2
4700 3
4701 2
4702 2
4703 2
4704 2
4705 2
4706 3
4707 2
4708 3
4709 2
4710 2
4711 2
4712 2
4713 2
4714 3
4715 2
4716 2
4717 2
4718 3
4719 2
4720 2
4721 3
4722 3
4723 3
4724 3
4725 3
4726 2
4727 3
4728 3
4729 2
4730 3
4731 2
4732 2
4733 2
4734 2
4735 3
4736 2
4737 2
4738 3
4739 2
4740 3
4741 3
4742 3
4743 2
4744 3
4745 2
4746 2
4747 3
4748 2
4749 2
4750 2
4751 2
4752 2
4753 2
4754 3
4755 3
4756 2
4757 3
4758 3
4759 3
4760 3
4761 2
4762 2
4763 2
4764 3
4765 2
4766 2
4767 3
4768 2
4769 3
4770 2
4771 3
4772 2
4773 3
4774 2
4775 2
4776 3
4777 3
4778 3
4779 2
4780 3
4781 3
4782 3
4783 3
4784 2
4785 3
4786 3
4787 2
4788 3
4789 2
4790 2
4791 3
4792 3
4793 2
4794 2
4795 3
4796 2
4797 2
4798 3
4799 3
4800 2
4801 2
4802 3
4803 3
4804 3
4805 2
4806 3
4807 2
4808 2
4809 2
4810 3
4811 3
4812 3
4813 2
4814 3
4815 3
4816 3
4817 3
4818 2
4819 2
4820 2
4821 3
4822 3
4823 3
4824 3
4825 2
4826 2
4827 2
4828 2
4829 3
4830 2
4831 2
4832 3
4833 3
4834 3
4835 2
4836 2
4837 3
4838 2
4839 2
4840 2
4841 2
4842 2
4843 2
4844 3
4845 2
4846 2
4847 3
4848 2
4849 2
4850 2
4851 3
4852 2
4853 3
4854 2
4855 2
4856 3
4857 2
4858 2
4859 2
4860 2
4861 2
4862 2
4863 2
4864 2
4865 3
4866 3
4867 2
4868 2
4869 2
4870 3
4871 2
4872 3
4873 3
4874 3
4875 2
4876 2
4877 2
4878 2
4879 2
4880 2
4881 3
4882 2
4883 3
4884 3
4885 3
4886 2
4887 3
4888 2
4889 3
4890 3
4891 2
4892 3
4893 2
4894 2
4895 3
4896 3
4897 3
4898 3
4899 2
4900 2
4901 2
4902 3
4903 2
4904 2
4905 2
4906 2
4907 2
4908 2
4909 2
4910 3
4911 2
4912 3
4913 2
4914 2
4915 2
4916 3
4917 3
4918 2
4919 2
4920 2
4921 3
4922 2
4923 2
4924 2
4925 2
4926 2
4927 3
4928 3
4929 2
4930 2
4931 3
4932 2
4933 2
4934 2
4935 2
4936 2
4937 3
4938 2
4939 3
4940 2
4941 2
4942 3
4943 2
4944 2
4945 3
4946 2
4947 2
4948 2
4949 2
4950 3
4951 2
4952 3
4953 2
4954 3
4955 3
4956 2
4957 2
4958 3
4959 3
4960 3
4961 2
4962 2
4963 2
4964 2
4965 2
4966 2
4967 2
4968 3
4969 2
4970 3
4971 2
4972 3
4973 2
4974 2
4975 2
4976 2
4977 3
4978 3
4979 2
4980 2
4981 2
4982 2
4983 2
4984 3
4985 3
4986 2
4987 2
4988 2
4989 2
4990 2
4991 2
4992 3
4993 2
4994 2
4995 2
4996 2
4997 2
4998 3
4999 2
5000 3
5001 2
5002 3
5003 2
5004 2
5005 3
5006 2
5007 2
5008 2
5009 3
5010 3
5011 2
5012 2
5013 3
5014 2
5015 2
5016 3
5017 2
5018 3
5019 3
5020 2
5021 2
5022 2
5023 2
5024 2
5025 3
5026 2
5027 2
5028 2
5029 2
5030 2
5031 2
5032 2
5033 3
5034 2
5035 3
5036 2
5037 2
5038 2
5039 3
5040 2
5041 3
5042 3
5043 3
5044 3
5045 2
5046 2
5047 3
5048 2
5049 2
5050 3
5051 2
5052 2
5053 2
5054 2
5055 2
5056 2
5057 2
5058 3
5059 2
5060 3
5061 2
5062 2
5063 2
5064 2
5065 2
5066 3
5067 3
5068 3
5069 2
5070 3
5071 2
5072 2
5073 3
5074 3
5075 2
5076 2
5077 2
5078 2
5079 3
5080 3
5081 2
5082 3
5083 3
5084 2
5085 2
5086 2
5087 2
5088 2
5089 2
5090 2
5091 2
5092 3
5093 3
5094 2
5095 2
5096 2
5097 3
5098 3
5099 2
5100 3
5101 2
5102 2
5103 3
5104 3
5105 2
5106 3
5107 2
5108 2
5109 2
5110 2
5111 3
5112 3
5113 3
5114 2
5115 2
5116 2
5117 2
5118 2
5119 2
5120 2
5121 2
5122 2
5123 2
5124 2
5125 2
5126 3
5127 2
5128 2
5129 3
5130 2
5131 2
5132 3
5133 2
5134 2
5135 2
5136 2
5137 2
5138 3
5139 3
5140 2
5141 2
5142 2
5143 2
5144 2
5145 2
5146 2
5147 2
5148 3
5149 2
5150 3
5151 2
5152 2
5153 2
5154 3
5155 3
5156 2
5157 2
5158 2
5159 2
5160 2
5161 2
5162 2
5163 2
5164 2
5165 3
5166 2
5167 2
5168 2
5169 2
5170 2
5171 3
5172 3
5173 2
5174 3
5175 2
5176 3
5177 2
5178 3
5179 2
5180 3
5181 2
5182 2
5183 3
5184 2
5185 2
5186 2
5187 2
5188 2
5189 2
5190 3
5191 2
5192 2
5193 2
5194 3
5195 3
5196 2
5197 2
5198 2
5199 2
5200 2
5201 2
5202 2
5203 3
5204 3
5205 2
5206 3
5207 2
5208 3
5209 2
5210 3
5211 2
5212 2
5213 2
5214 2
5215 3
5216 2
5217 2
5218 2
5219 2
5220 3
5221 2
5222 3
5223 2
5224 3
5225 3
5226 2
5227 3
5228 2
5229 2
5230 3
5231 3
5232 3
5233 2
5234 2
5235 2
5236 3
5237 2
5238 2
5239 2
5240 3
5241 3
5242 3
5243 2
5244 3
5245 3
5246 3
5247 3
5248 3
5249 3
5250 3
5251 2
5252 3
5253 3
5254 2
5255 2
5256 2
5257 3
5258 2
5259 2
5260 3
5261 2
5262 3
5263 3
5264 3
5265 2
5266 2
5267 2
5268 3
5269 3
5270 2
5271 2
5272 3
5273 3
5274 2
5275 2
5276 2
5277 3
5278 2
5279 3
5280 2
5281 3
5282 2
5283 2
5284 2
5285 3
5286 2
5287 2
5288 2
5289 3
5290 3
5291 3
5292 2
5293 2
5294 2
5295 3
5296 3
5297 2
5298 3
5299 3
5300 2
5301 3
5302 2
5303 3
5304 2
5305 3
5306 2
5307 2
5308 3
5309 3
5310 3
5311 3
5312 3
5313 3
5314 2
5315 2
5316 3
5317 2
5318 2
5319 2
5320 3
5321 2
5322 3
5323 2
5324 3
5325 2
5326 2
5327 3
5328 2
5329 3
5330 3
5331 3
5332 3
5333 2
5334 2
5335 3
5336 3
5337 2
5338 3
5339 3
5340 2
5341 2
5342 3
5343 3
5344 2
5345 3
5346 3
5347 2
5348 2
5349 3
5350 3
5351 3
5352 2
5353 2
5354 2
5355 3
5356 2
5357 3
5358 2
5359 2
5360 2
5361 2
5362 2
5363 2
5364 3
5365 3
5366 2
5367 3
5368 3
5369 2
5370 3
5371 2
5372 3
5373 3
5374 3
5375 2
5376 2
5377 2
5378 3
5379 2
5380 2
5381 2
5382 3
5383 2
5384 2
5385 3
5386 2
5387 2
5388 3
5389 2
5390 2
5391 3
5392 2
5393 3
5394 3
5395 3
5396 3
5397 3
5398 3
5399 2
5400 2
5401 2
5402 2
5403 2
5404 3
5405 3
5406 2
5407 2
5408 3
5409 2
5410 2
5411 3
5412 3
5413 3
5414 3
5415 3
5416 3
5417 3
5418 3
5419 2
5420 2
5421 3
5422 3
5423 3
5424 2
5425 2
5426 3
5427 2
5428 3
5429 3
5430 2
5431 2
5432 2
5433 2
5434 3
5435 2
5436 3
5437 2
5438 3
5439 2
5440 3
5441 3
5442 2
5443 2
5444 2
5445 3
5446 3
5447 3
5448 2
5449 3
5450 3
5451 2
5452 3
5453 2
5454 2
5455 2
5456 2
5457 2
5458 2
5459 2
5460 2
5461 3
5462 3
5463 3
5464 2
5465 2
5466 3
5467 3
5468 3
5469 2
5470 3
5471 2
5472 2
5473 2
5474 3
5475 3
5476 2
5477 2
5478 2
5479 2
5480 3
5481 3
5482 2
5483 3
5484 2
5485 2
5486 2
5487 3
5488 2
5489 3
5490 2
5491 3
5492 3
5493 3
5494 3
5495 3
5496 2
5497 2
5498 3
5499 2
5500 3
5501 3
5502 2
5503 3
5504 2
5505 2
5506 2
5507 2
5508 3
5509 3
5510 3
5511 3
5512 2
5513 2
5514 3
5515 3
5516 2
5517 3
5518 2
5519 2
5520 3
5521 3
5522 2
5523 3
5524 2
5525 2
5526 3
5527 2
5528 2
5529 2
5530 2
5531 2
5532 3
5533 3
5534 3
5535 2
5536 2
5537 3
5538 3
5539 3
5540 2
5541 3
5542 3
5543 3
5544 2
5545 2
5546 2
5547 2
5548 2
5549 2
5550 3
5551 2
5552 2
5553 3
5554 2
5555 2
5556 3
5557 3
5558 3
5559 2
5560 3
5561 2
5562 2
5563 3
5564 3
5565 3
5566 2
5567 3
5568 3
5569 2
5570 2
5571 3
5572 3
5573 2
5574 2
5575 3
5576 3
5577 2
5578 2
5579 2
5580 3
5581 2
5582 3
5583 2
5584 2
5585 2
5586 2
5587 2
5588 3
5589 3
5590 3
5591 2
5592 2
5593 3
5594 2
5595 2
5596 2
5597 3
5598 2
5599 2
5600 2
5601 3
5602 2
5603 2
5604 3
5605 3
5606 2
5607 3
5608 2
5609 3
5610 3
5611 3
5612 2
5613 2
5614 2
5615 2
5616 3
5617 3
5618 2
5619 2
5620 3
5621 2
5622 2
5623 2
5624 3
5625 2
5626 2
5627 3
5628 3
5629 3
5630 3
5631 2
5632 2
5633 3
5634 2
5635 2
5636 2
5637 3
5638 3
5639 3
5640 2
5641 2
5642 3
5643 2
5644 2
5645 3
5646 3
5647 3
5648 3
5649 3
5650 2
5651 3
5652 3
5653 2
5654 3
5655 2
5656 2
5657 3
5658 2
5659 3
5660 2
5661 3
5662 3
5663 2
5664 2
5665 3
5666 2
5667 2
5668 2
5669 2
5670 2
5671 2
5672 3
5673 2
5674 2
5675 2
5676 2
5677 3
5678 3
5679 2
5680 3
5681 3
5682 2
5683 3
5684 2
5685 3
5686 3
5687 3
5688 3
5689 2
5690 3
5691 3
5692 2
5693 2
5694 3
5695 2
5696 2
5697 2
5698 3
5699 3
5700 3
5701 3
5702 2
5703 3
5704 3
5705 3
5706 3
5707 2
5708 3
5709 3
5710 3
5711 2
5712 2
5713 3
5714 2
5715 3
5716 2
5717 3
5718 2
5719 3
5720 3
5721 3
5722 2
5723 2
5724 2
5725 3
5726 3
5727 2
5728 2
5729 2
5730 3
5731 3
5732 2
5733 2
5734 3
5735 2
5736 3
5737 2
5738 2
5739 3
5740 3
5741 2
5742 2
5743 2
5744 2
5745 2
5746 3
5747 2
5748 3
5749 2
5750 3
5751 2
5752 2
5753 2
5754 3
5755 2
5756 3
5757 3
5758 2
5759 2
5760 2
5761 3
5762 3
5763 2
5764 2
5765 3
5766 2
5767 2
5768 3
5769 2
5770 3
5771 2
5772 3
5773 2
5774 2
5775 2
5776 3
5777 3
5778 2
5779 3
5780 3
5781 3
5782 2
5783 2
5784 3
5785 3
5786 2
5787 3
5788 3
5789 2
5790 3
5791 3
5792 3
5793 2
5794 3
5795 2
5796 2
5797 2
5798 2
5799 2
5800 3
5801 2
5802 2
5803 3
5804 3
5805 2
5806 2
5807 2
5808 2
5809 2
5810 3
5811 2
5812 2
5813 3
5814 2
5815 2
5816 2
5817 3
5818 3
5819 3
5820 3
5821 2
5822 2
5823 3
5824 2
5825 2
5826 3
5827 3
5828 2
5829 3
5830 2
5831 3
5832 3
5833 2
5834 3
5835 2
5836 2
5837 3
5838 3
5839 2
5840 2
5841 2
5842 2
5843 2
5844 2
5845 2
5846 2
5847 3
5848 2
5849 2
5850 2
5851 2
5852 3
5853 2
5854 2
5855 2
5856 3
5857 3
5858 3
5859 3
5860 3
5861 3
5862 3
5863 2
5864 2
5865 2
5866 2
5867 2
5868 3
5869 2
5870 2
5871 3
5872 3
5873 2
5874 3
5875 3
5876 3
5877 3
5878 3
5879 2
5880 2
5881 3
5882 2
5883 2
5884 2
5885 3
5886 3
5887 2
5888 3
5889 3
5890 3
5891 2
5892 3
5893 3
5894 2
5895 3
5896 3
5897 2
5898 2
5899 3
5900 3
5901 2
5902 3
5903 2
5904 2
5905 3
5906 2
5907 3
5908 2
5909 2
5910 2
5911 3
5912 2
5913 3
5914 3
5915 2
5916 3
5917 2
5918 3
5919 2
5920 2
5921 3
5922 3
5923 2
5924 2
5925 2
5926 3
5927 3
5928 3
5929 2
5930 3
5931 3
5932 3
5933 3
5934 3
5935 3
5936 3
5937 3
5938 3
5939 3
5940 3
5941 2
5942 2
5943 3
5944 2
5945 2
5946 2
5947 2
5948 3
5949 3
5950 3
5951 3
5952 2
5953 2
5954 2
5955 3
5956 3
5957 3
5958 2
5959 3
5960 2
5961 2
5962 3
5963 2
5964 3
5965 3
5966 3
5967 3
5968 3
5969 3
5970 3
5971 3
5972 3
5973 2
5974 3
5975 3
5976 3
5977 3
5978 2
5979 2
5980 2
5981 2
5982 2
5983 3
5984 2
5985 3
5986 2
5987 3
5988 3
5989 2
5990 3
5991 3
5992 3
5993 3
5994 2
5995 3
5996 3
5997 3
5998 2
5999 2
6000 3
6001 2
6002 2
6003 2
6004 3
6005 2
6006 2
6007 3
6008 3
6009 2
6010 3
6011 3
6012 2
6013 2
6014 3
6015 3
6016 3
6017 2
6018 3
6019 3
6020 3
6021 2
6022 3
6023 2
6024 2
6025 3
6026 2
6027 2
6028 2
6029 2
6030 2
6031 3
6032 2
6033 2
6034 3
6035 2
6036 3
6037 3
6038 3
6039 2
6040 3
6041 2
6042 3
6043 3
6044 3
6045 3
6046 2
6047 3
6048 2
6049 3
6050 2
6051 2
6052 3
6053 3
6054 2
6055 2
6056 3
6057 3
6058 2
6059 2
6060 3
6061 3
6062 2
6063 2
6064 2
6065 3
6066 3
6067 3
6068 3
6069 3
6070 3
6071 2
6072 3
6073 2
6074 3
6075 3
6076 2
6077 2
6078 3
6079 2
6080 3
6081 3
6082 3
6083 2
6084 2
6085 2
6086 2
6087 2
6088 3
6089 3
6090 3
6091 2
6092 3
6093 3
6094 2
6095 3
6096 2
6097 3
6098 2
6099 2
6100 2
6101 2
6102 2
6103 3
6104 2
6105 2
6106 3
6107 3
6108 2
6109 3
6110 2
6111 2
6112 2
6113 3
6114 2
6115 2
6116 3
6117 2
6118 3
6119 3
6120 3
6121 3
6122 3
6123 3
6124 3
6125 3
6126 3
6127 2
6128 2
6129 2
6130 2
6131 2
6132 2
6133 3
6134 3
6135 3
6136 2
6137 3
6138 3
6139 3
6140 2
6141 2
6142 3
6143 2
6144 3
6145 2
6146 2
6147 2
6148 3
6149 2
6150 2
6151 3
6152 2
6153 2
6154 3
6155 2
6156 2
6157 2
6158 2
6159 2
6160 2
6161 3
6162 2
6163 2
6164 2
6165 2
6166 2
6167 3
6168 3
6169 3
6170 2
6171 3
6172 3
6173 2
6174 2
6175 2
6176 3
6177 3
6178 3
6179 3
6180 2
6181 2
6182 3
6183 2
6184 2
6185 2
6186 2
6187 2
6188 3
6189 3
6190 2
6191 2
6192 2
6193 2
6194 3
6195 3
6196 3
6197 3
6198 2
6199 2
6200 3
6201 2
6202 3
6203 2
6204 2
6205 2
6206 2
6207 2
6208 3
6209 3
6210 2
6211 2
6212 2
6213 2
6214 3
6215 3
6216 3
6217 3
6218 2
6219 2
6220 3
6221 3
6222 2
6223 3
6224 3
6225 3
6226 3
6227 3
6228 3
6229 3
6230 2
6231 3
6232 3
6233 3
6234 3
6235 3
6236 3
6237 2
6238 3
6239 3
6240 3
6241 2
6242 2
6243 3
6244 2
6245 3
6246 3
6247 2
6248 2
6249 2
6250 3
6251 3
6252 3
6253 2
6254 2
6255 3
6256 2
6257 3
6258 3
6259 3
6260 3
6261 3
6262 2
6263 3
6264 3
6265 2
6266 3
6267 3
6268 3
6269 2
6270 2
6271 3
6272 3
6273 2
6274 3
6275 2
6276 3
6277 2
6278 2
6279 3
6280 3
6281 2
6282 3
6283 2
6284 3
6285 3
6286 2
6287 3
6288 3
6289 2
6290 2
6291 2
6292 3
6293 2
6294 3
6295 3
6296 3
6297 3
6298 2
6299 3
6300 3
6301 3
6302 3
6303 3
6304 3
6305 3
6306 3
6307 3
6308 3
6309 3
6310 3
6311 3
6312 3
6313 2
6314 2
6315 3
6316 2
6317 2
6318 2
6319 3
6320 3
6321 3
6322 3
6323 3
6324 2
6325 2
6326 3
6327 3
6328 2
6329 3
6330 2
6331 3
6332 3
6333 3
6334 3
6335 3
6336 3
6337 2
6338 3
6339 3
6340 3
6341 3
6342 2
6343 2
6344 3
6345 3
6346 2
6347 2
6348 3
6349 3
6350 3
6351 2
6352 2
6353 2
6354 2
6355 2
6356 3
6357 2
6358 2
6359 2
6360 3
6361 2
6362 2
6363 2
6364 2
6365 2
6366 3
6367 3
6368 3
6369 2
6370 2
6371 3
6372 3
6373 3
6374 2
6375 3
6376 3
6377 2
6378 3
6379 3
6380 3
6381 3
6382 2
6383 2
6384 3
6385 3
6386 3
6387 2
6388 2
6389 2
6390 3
6391 3
6392 3
6393 3
6394 2
6395 3
6396 3
6397 3
6398 2
6399 3
6400 2
6401 3
6402 3
6403 2
6404 3
6405 3
6406 2
6407 3
6408 3
6409 2
6410 3
6411 2
6412 3
6413 2
6414 2
6415 3
6416 3
6417 2
6418 2
6419 3
6420 2
6421 3
6422 2
6423 2
6424 3
6425 3
6426 3
6427 3
6428 2
6429 3
6430 2
6431 3
6432 2
6433 2
6434 3
6435 2
6436 3
6437 3
6438 3
6439 3
6440 2
6441 3
6442 3
6443 2
6444 3
6445 3
6446 3
6447 2
6448 3
6449 2
6450 3
6451 3
6452 2
6453 2
6454 3
6455 3
6456 2
6457 3
6458 3
6459 2
6460 2
6461 3
6462 3
6463 3
6464 3
6465 2
6466 2
6467 3
6468 3
6469 3
6470 2
6471 2
6472 2
6473 3
6474 3
6475 3
6476 2
6477 2
6478 3
6479 2
6480 2
6481 2
6482 3
6483 2
6484 2
6485 3
6486 3
6487 3
6488 2
6489 3
6490 2
6491 3
6492 2
6493 2
6494 3
6495 3
6496 2
6497 3
6498 2
6499 3
6500 3
6501 3
6502 2
6503 3
6504 3
6505 2
6506 2
6507 3
6508 2
6509 3
6510 3
6511 3
6512 3
6513 3
6514 3
6515 3
6516 3
6517 2
6518 2
6519 2
6520 3
6521 3
6522 3
6523 3
6524 3
6525 3
6526 2
6527 2
6528 2
6529 3
6530 3
6531 3
6532 3
6533 3
6534 3
6535 2
6536 3
6537 3
6538 2
6539 2
6540 3
6541 3
6542 2
6543 2
6544 2
6545 2
6546 3
6547 3
6548 2
6549 3
6550 2
6551 3
6552 2
6553 2
6554 3
6555 3
6556 2
6557 2
6558 3
6559 2
6560 2
6561 2
6562 3
6563 3
6564 3
6565 3
6566 3
6567 2
6568 2
6569 2
6570 2
6571 2
6572 3
6573 3
6574 3
6575 2
6576 3
6577 2
6578 3
6579 3
6580 3
6581 3
6582 3
6583 3
6584 2
6585 3
6586 2
6587 3
6588 3
6589 2
6590 2
6591 3
6592 2
6593 2
6594 2
6595 2
6596 3
6597 3
6598 3
6599 3
6600 2
6601 2
6602 3
6603 3
6604 3
6605 3
6606 3
6607 2
6608 2
6609 2
6610 3
6611 2
6612 3
6613 3
6614 2
6615 3
6616 2
6617 3
6618 3
6619 3
6620 2
6621 3
6622 2
6623 3
6624 3
6625 2
6626 3
6627 3
6628 3
6629 2
6630 2
6631 3
6632 2
6633 2
6634 3
6635 3
6636 3
6637 2
6638 3
6639 2
6640 3
6641 3
6642 2
6643 2
6644 3
6645 3
6646 3
6647 3
6648 2
6649 3
6650 3
6651 3
6652 3
6653 3
6654 2
6655 3
6656 2
6657 3
6658 3
6659 3
6660 3
6661 3
6662 2
6663 3
6664 2
6665 3
6666 2
6667 2
6668 3
6669 2
6670 3
6671 3
6672 3
6673 3
6674 2
6675 2
6676 3
6677 3
6678 3
6679 2
6680 3
6681 3
6682 3
6683 2
6684 3
6685 3
6686 2
6687 3
6688 3
6689 3
6690 3
6691 3
6692 2
6693 2
6694 3
6695 3
6696 3
6697 2
6698 3
6699 3
6700 2
6701 2
6702 3
6703 3
6704 2
6705 3
6706 3
6707 3
6708 2
6709 2
6710 2
6711 3
6712 3
6713 3
6714 3
6715 2
6716 3
6717 3
6718 2
6719 2
6720 3
6721 3
6722 3
6723 3
6724 2
6725 3
6726 2
6727 2
6728 2
6729 3
6730 2
6731 3
6732 3
6733 3
6734 3
6735 2
6736 3
6737 2
6738 3
6739 3
6740 3
6741 3
6742 3
6743 3
6744 2
6745 2
6746 3
6747 3
6748 3
6749 3
6750 3
6751 2
6752 2
6753 3
6754 3
6755 3
6756 2
6757 2
6758 2
6759 3
6760 2
6761 3
6762 2
6763 2
6764 3
6765 2
6766 3
6767 3
6768 3
6769 3
6770 3
6771 3
6772 3
6773 2
6774 3
6775 2
6776 2
6777 2
6778 3
6779 3
6780 2
6781 3
6782 3
6783 2
6784 3
6785 3
6786 3
6787 3
6788 3
6789 2
6790 3
6791 2
6792 2
6793 3
6794 3
6795 3
6796 3
6797 3
6798 3
6799 3
6800 2
6801 3
6802 3
6803 2
6804 2
6805 3
6806 3
6807 2
6808 3
6809 2
6810 3
6811 3
6812 2
6813 2
6814 3
6815 3
6816 3
6817 3
6818 3
6819 3
6820 3
6821 3
6822 3
6823 2
6824 2
6825 3
6826 3
6827 3
6828 3
6829 2
6830 2
6831 3
6832 3
6833 3
6834 2
6835 2
6836 3
6837 3
6838 3
6839 3
6840 3
6841 3
6842 2
6843 2
6844 2
6845 3
6846 3
6847 3
6848 2
6849 3
6850 2
6851 3
6852 3
6853 3
6854 2
6855 3
6856 3
6857 3
6858 3
6859 3
6860 2
6861 3
6862 3
6863 3
6864 3
6865 3
6866 2
6867 2
6868 3
6869 3
6870 3
6871 3
6872 3
6873 3
6874 2
6875 2
6876 2
6877 3
6878 3
6879 2
6880 2
6881 3
6882 2
6883 2
6884 2
6885 2
6886 3
6887 2
6888 2
6889 3
6890 3
6891 2
6892 2
6893 3
6894 3
6895 3
6896 2
6897 2
6898 3
6899 3
6900 3
6901 3
6902 2
6903 2
6904 3
6905 3
6906 3
6907 2
6908 3
6909 2
6910 3
6911 2
6912 2
6913 3
6914 2
6915 3
6916 3
6917 2
6918 3
6919 3
6920 3
6921 2
6922 3
6923 2
6924 3
6925 3
6926 3
6927 2
6928 2
6929 3
6930 3
6931 2
6932 3
6933 3
6934 2
6935 3
6936 2
6937 3
6938 2
6939 3
6940 2
6941 3
6942 2
6943 3
6944 3
6945 3
6946 3
6947 3
6948 3
6949 3
6950 3
6951 2
6952 3
6953 3
6954 3
6955 2
6956 3
6957 3
6958 3
6959 3
6960 3
6961 3
6962 3
6963 3
6964 3
6965 2
6966 3
6967 3
6968 3
6969 3
6970 2
6971 2
6972 2
6973 3
6974 3
6975 3
6976 3
6977 3
6978 2
6979 3
6980 3
6981 3
6982 3
6983 3
6984 3
6985 2
6986 2
6987 2
6988 3
6989 3
6990 3
6991 3
6992 3
6993 3
6994 3
6995 2
6996 3
6997 2
6998 2
6999 2
7000 2
7001 3
7002 3
7003 3
7004 2
7005 2
7006 3
7007 3
7008 3
7009 2
7010 3
7011 3
7012 3
7013 2
7014 3
7015 2
7016 3
7017 3
7018 3
7019 2
7020 2
7021 2
7022 3
7023 3
7024 2
7025 3
7026 3
7027 3
7028 2
7029 2
7030 3
7031 2
7032 2
7033 3
7034 2
7035 2
7036 3
7037 3
7038 2
7039 2
7040 3
7041 3
7042 3
7043 3
7044 3
7045 3
7046 3
7047 2
7048 2
7049 2
7050 2
7051 3
7052 2
7053 2
7054 3
7055 2
7056 3
7057 3
7058 2
7059 3
7060 2
7061 3
7062 3
7063 3
7064 3
7065 2
7066 3
7067 3
7068 2
7069 3
7070 3
7071 3
7072 3
7073 2
7074 2
7075 3
7076 2
7077 3
7078 2
7079 2
7080 2
7081 3
7082 3
7083 2
7084 2
7085 2
7086 3
7087 2
7088 3
7089 2
7090 2
7091 3
7092 2
7093 2
7094 2
7095 2
7096 3
7097 2
7098 2
7099 3
7100 3
7101 3
7102 2
7103 3
7104 2
7105 3
7106 2
7107 3
7108 3
7109 2
7110 3
7111 3
7112 2
7113 2
7114 3
7115 3
7116 2
7117 2
7118 2
7119 3
7120 3
7121 2
7122 2
7123 3
7124 3
7125 2
7126 3
7127 3
7128 3
7129 3
7130 3
7131 3
7132 3
7133 2
7134 2
7135 2
7136 3
7137 3
7138 3
7139 3
7140 3
7141 2
7142 2
7143 3
7144 3
7145 2
7146 3
7147 3
7148 3
7149 2
7150 2
7151 3
7152 3
7153 3
7154 3
7155 3
7156 2
7157 2
7158 3
7159 3
7160 2
7161 3
7162 3
7163 3
7164 3
7165 3
7166 2
7167 3
7168 3
7169 2
7170 2
7171 3
7172 3
7173 3
7174 3
7175 2
7176 3
7177 3
7178 3
7179 2
7180 3
7181 3
7182 2
7183 3
7184 3
7185 3
7186 2
7187 3
7188 2
7189 2
7190 2
7191 3
7192 2
7193 3
7194 2
7195 3
7196 3
7197 3
7198 3
7199 2
7200 2
7201 3
7202 3
7203 2
7204 3
7205 2
7206 2
7207 2
7208 2
7209 2
7210 3
7211 2
7212 3
7213 3
7214 2
7215 2
7216 2
7217 3
7218 2
7219 3
7220 3
7221 3
7222 2
7223 3
7224 3
7225 3
7226 3
7227 2
7228 2
7229 2
7230 3
7231 3
7232 2
7233 2
7234 2
7235 3
7236 3
7237 2
7238 2
7239 3
7240 3
7241 2
7242 2
7243 3
7244 2
7245 3
7246 3
7247 3
7248 3
7249 3
7250 3
7251 3
7252 2
7253 3
7254 3
7255 2
7256 3
7257 3
7258 2
7259 3
7260 3
7261 3
7262 3
7263 2
7264 2
7265 3
7266 3
7267 2
7268 3
7269 2
7270 2
7271 3
7272 2
7273 3
7274 3
7275 2
7276 3
7277 3
7278 2
7279 3
7280 3
7281 2
7282 3
7283 3
7284 3
7285 2
7286 2
7287 2
7288 2
7289 2
7290 3
7291 3
7292 2
7293 3
7294 3
7295 3
7296 2
7297 3
7298 3
7299 3
7300 2
7301 3
7302 3
7303 3
7304 3
7305 2
7306 2
7307 2
7308 3
7309 2
7310 3
7311 2
7312 3
7313 2
7314 3
7315 3
7316 3
7317 2
7318 3
7319 2
7320 2
7321 3
7322 2
7323 3
7324 2
7325 2
7326 2
7327 3
7328 3
7329 2
7330 2
7331 2
7332 2
7333 2
7334 3
7335 2
7336 3
7337 2
7338 2
7339 2
7340 2
7341 2
7342 2
7343 3
7344 3
7345 3
7346 2
7347 3
7348 3
7349 3
7350 3
7351 3
7352 2
7353 2
7354 2
7355 3
7356 2
7357 3
7358 2
7359 2
7360 3
7361 2
7362 3
7363 3
7364 3
7365 3
7366 2
7367 3
7368 3
7369 3
7370 3
7371 2
7372 3
7373 3
7374 3
7375 2
7376 2
7377 3
7378 2
7379 2
7380 3
7381 2
7382 3
7383 2
7384 3
7385 3
7386 3
7387 3
7388 3
7389 3
7390 3
7391 2
7392 3
7393 2
7394 2
7395 2
7396 3
7397 3
7398 3
7399 2
7400 2
7401 2
7402 3
7403 3
7404 3
7405 2
7406 3
7407 3
7408 2
7409 3
7410 2
7411 3
7412 3
7413 3
7414 2
7415 3
7416 2
7417 2
7418 2
7419 3
7420 3
7421 2
7422 2
7423 2
7424 3
7425 2
7426 3
7427 3
7428 3
7429 3
7430 3
7431 3
7432 2
7433 3
7434 2
7435 3
7436 2
7437 2
7438 2
7439 2
7440 3
7441 3
7442 2
7443 3
7444 2
7445 3
7446 2
7447 2
7448 2
7449 2
7450 2
7451 2
7452 2
7453 3
7454 3
7455 3
7456 3
7457 3
7458 2
7459 2
7460 3
7461 2
7462 2
7463 3
7464 3
7465 2
7466 3
7467 3
7468 2
7469 2
7470 3
7471 3
7472 2
7473 2
7474 3
7475 3
7476 3
7477 2
7478 2
7479 2
7480 3
7481 3
7482 3
7483 2
7484 2
7485 2
7486 3
7487 2
7488 3
7489 3
7490 3
7491 2
7492 3
7493 3
7494 3
7495 2
7496 3
7497 3
7498 3
7499 2
7500 3
7501 3
7502 3
7503 3
7504 2
7505 3
7506 3
7507 3
7508 3
7509 2
7510 3
7511 2
7512 2
7513 2
7514 2
7515 2
7516 2
7517 2
7518 2
7519 2
7520 3
7521 3
7522 2
7523 3
7524 3
7525 2
7526 3
7527 3
7528 3
7529 2
7530 2
7531 3
7532 3
7533 3
7534 2
7535 3
7536 2
7537 3
7538 3
7539 2
7540 2
7541 2
7542 3
7543 2
7544 3
7545 2
7546 2
7547 2
7548 3
7549 3
7550 3
7551 2
7552 2
7553 3
7554 3
7555 2
7556 3
7557 3
7558 3
7559 3
7560 2
7561 3
7562 3
7563 3
7564 2
7565 3
7566 2
7567 3
7568 2
7569 3
7570 3
7571 2
7572 3
7573 2
7574 2
7575 2
7576 2
7577 3
7578 2
7579 3
7580 2
7581 2
7582 2
7583 2
7584 3
7585 2
7586 2
7587 3
7588 2
7589 2
7590 3
7591 2
7592 2
7593 2
7594 3
7595 3
7596 3
7597 3
7598 3
7599 3
7600 3
7601 3
7602 2
7603 3
7604 2
7605 2
7606 3
7607 3
7608 3
7609 2
7610 3
7611 3
7612 3
7613 3
7614 2
7615 3
7616 2
7617 2
7618 3
7619 2
7620 2
7621 3
7622 3
7623 2
7624 3
7625 2
7626 3
7627 3
7628 3
7629 2
7630 2
7631 2
7632 3
7633 2
7634 3
7635 2
7636 2
7637 3
7638 2
7639 3
7640 2
7641 2
7642 3
7643 2
7644 2
7645 2
7646 2
7647 3
7648 2
7649 3
7650 2
7651 3
7652 2
7653 3
7654 2
7655 3
7656 2
7657 3
7658 2
7659 3
7660 3
7661 2
7662 2
7663 3
7664 2
7665 3
7666 2
7667 3
7668 3
7669 2
7670 2
7671 3
7672 2
7673 3
7674 2
7675 2
7676 2
7677 3
7678 2
7679 2
7680 2
7681 2
7682 3
7683 3
7684 2
7685 3
7686 2
7687 2
7688 2
7689 2
7690 2
7691 3
7692 2
7693 3
7694 3
7695 2
7696 2
7697 2
7698 2
7699 3
7700 3
7701 2
7702 2
7703 2
7704 3
7705 3
7706 3
7707 3
7708 3
7709 2
7710 2
7711 2
7712 2
7713 3
7714 3
7715 3
7716 3
7717 2
7718 2
7719 3
7720 2
7721 2
7722 3
7723 3
7724 3
7725 2
7726 2
7727 2
7728 3
7729 2
7730 3
7731 3
7732 2
7733 2
7734 2
7735 3
7736 2
7737 2
7738 2
7739 2
7740 2
7741 3
7742 2
7743 2
7744 2
7745 3
7746 2
7747 2
7748 2
7749 2
7750 3
7751 2
7752 2
7753 2
7754 2
7755 2
7756 3
7757 2
7758 3
7759 2
7760 3
7761 2
7762 3
7763 3
7764 2
7765 2
7766 2
7767 3
7768 2
7769 2
7770 3
7771 3
7772 3
7773 3
7774 3
7775 2
7776 3
7777 2
7778 3
7779 2
7780 2
7781 3
7782 2
7783 2
7784 2
7785 3
7786 2
7787 3
7788 2
7789 3
7790 2
7791 3
7792 2
7793 2
7794 2
7795 2
7796 2
7797 2
7798 2
7799 2
7800 2
7801 2
7802 2
7803 3
7804 2
7805 2
7806 3
7807 3
7808 2
7809 3
7810 3
7811 3
7812 2
7813 3
7814 2
7815 3
7816 3
7817 2
7818 3
7819 2
7820 3
7821 2
7822 3
7823 3
7824 2
7825 2
7826 2
7827 2
7828 2
7829 3
7830 3
7831 2
7832 3
7833 2
7834 3
7835 3
7836 3
7837 3
7838 2
7839 3
7840 3
7841 3
7842 3
7843 3
7844 3
7845 3
7846 2
7847 3
7848 3
7849 3
7850 3
7851 3
7852 2
7853 2
7854 3
7855 2
7856 3
7857 3
7858 3
7859 2
7860 2
7861 3
7862 3
7863 3
7864 3
7865 3
7866 3
7867 3
7868 3
7869 3
7870 3
7871 3
7872 2
7873 2
7874 3
7875 3
7876 3
7877 2
7878 2
7879 3
7880 2
7881 2
7882 2
7883 3
7884 2
7885 3
7886 2
7887 2
7888 2
7889 2
7890 3
7891 2
7892 2
7893 3
7894 3
7895 2
7896 3
7897 2
7898 2
7899 2
7900 2
7901 2
7902 2
7903 3
7904 3
7905 3
7906 3
7907 3
7908 2
7909 3
7910 2
7911 2
7912 3
7913 2
7914 3
7915 2
7916 2
7917 2
7918 2
7919 3
7920 2
7921 3
7922 2
7923 3
7924 3
7925 2
7926 3
7927 2
7928 3
7929 3
7930 3
7931 3
7932 3
7933 2
7934 2
7935 2
7936 2
7937 3
7938 2
7939 2
7940 2
7941 3
7942 3
7943 3
7944 2
7945 3
7946 3
7947 2
7948 2
7949 2
7950 2
7951 3
7952 3
7953 2
7954 2
7955 2
7956 2
7957 2
7958 2
7959 3
7960 2
7961 2
7962 2
7963 3
7964 2
7965 3
7966 3
7967 3
7968 2
7969 2
7970 3
7971 3
7972 2
7973 3
7974 3
7975 3
7976 3
7977 2
7978 3
7979 2
7980 3
7981 2
7982 3
7983 3
7984 2
7985 2
7986 2
7987 3
7988 2
7989 3
7990 3
7991 2
7992 2
7993 2
7994 3
7995 3
7996 3
7997 3
7998 3
7999 3
8000 2
8001 2
8002 2
8003 2
8004 3
8005 2
8006 3
8007 2
8008 3
8009 2
8010 3
8011 3
8012 2
8013 3
8014 2
8015 3
8016 3
8017 3
8018 2
8019 3
8020 3
8021 3
8022 3
8023 3
8024 3
8025 3
8026 3
8027 3
8028 3
8029 3
8030 3
8031 3
8032 3
8033 2
8034 2
8035 3
8036 3
8037 2
8038 2
8039 3
8040 2
8041 3
8042 2
8043 3
8044 3
8045 2
8046 3
8047 3
8048 3
8049 2
8050 3
8051 3
8052 3
8053 3
8054 3
8055 3
8056 3
8057 3
8058 3
8059 2
8060 3
8061 3
8062 2
8063 3
8064 2
8065 3
8066 3
8067 3
8068 2
8069 3
8070 3
8071 3
8072 2
8073 2
8074 2
8075 3
8076 3
8077 3
8078 3
8079 3
8080 2
8081 3
8082 2
8083 3
8084 3
8085 3
8086 3
8087 3
8088 3
8089 3
8090 3
8091 2
8092 2
8093 3
8094 2
8095 2
8096 3
8097 3
8098 2
8099 2
8100 2
8101 3
8102 3
8103 3
8104 3
8105 3
8106 2
8107 3
8108 2
8109 3
8110 3
8111 3
8112 3
8113 3
8114 2
8115 3
8116 3
8117 3
8118 2
8119 3
8120 3
8121 2
8122 3
8123 3
8124 2
8125 3
8126 3
8127 3
8128 2
8129 2
8130 3
8131 3
8132 2
8133 3
8134 3
8135 3
8136 2
8137 2
8138 3
8139 2
8140 2
8141 3
8142 3
8143 3
8144 2
8145 3
8146 3
8147 3
8148 3
8149 2
8150 3
8151 2
8152 2
8153 3
8154 3
8155 3
8156 3
8157 2
8158 2
8159 3
8160 2
8161 3
8162 3
8163 3
8164 3
8165 3
8166 3
8167 3
8168 3
8169 3
8170 2
8171 2
8172 2
8173 3
8174 3
8175 2
8176 2
8177 2
8178 3
8179 3
8180 2
8181 3
8182 2
8183 3
8184 2
8185 2
8186 2
8187 3
8188 3
8189 3
8190 2
8191 3
8192 3
8193 3
8194 3
8195 2
8196 3
8197 3
8198 3
8199 2
8200 2
8201 2
8202 3
8203 2
8204 3
8205 3
8206 2
8207 2
8208 3
8209 3
8210 2
8211 2
8212 3
8213 2
8214 2
8215 2
8216 3
8217 3
8218 2
8219 3
8220 3
8221 2
8222 3
8223 2
8224 3
8225 2
8226 3
8227 3
8228 3
8229 3
8230 3
8231 3
8232 3
8233 3
8234 3
8235 2
8236 3
8237 3
8238 3
8239 3
8240 2
8241 3
8242 2
8243 2
8244 3
8245 3
8246 2
8247 2
8248 3
8249 2
8250 3
8251 3
8252 3
8253 2
8254 3
8255 3
8256 2
8257 3
8258 3
8259 3
8260 3
8261 2
8262 2
8263 3
8264 3
8265 3
8266 3
8267 3
8268 2
8269 3
8270 3
8271 3
8272 3
8273 2
8274 3
8275 2
8276 3
8277 3
8278 3
8279 3
8280 3
8281 2
8282 2
8283 2
8284 2
8285 3
8286 2
8287 3
8288 3
8289 2
8290 3
8291 3
8292 3
8293 2
8294 3
8295 3
8296 3
8297 2
8298 2
8299 3
8300 3
8301 3
8302 3
8303 3
8304 3
8305 3
8306 3
8307 3
8308 3
8309 3
8310 3
8311 3
8312 3
8313 2
8314 2
8315 2
8316 3
8317 3
8318 3
8319 3
8320 3
8321 2
8322 3
8323 3
8324 2
8325 3
8326 3
8327 3
8328 3
8329 2
8330 3
8331 3
8332 3
8333 2
8334 3
8335 2
8336 3
8337 2
8338 3
8339 2
8340 3
8341 3
8342 3
8343 3
8344 3
8345 2
8346 3
8347 3
8348 3
8349 2
8350 2
8351 3
8352 3
8353 3
8354 3
8355 3
8356 2
8357 3
8358 3
8359 3
8360 3
8361 3
8362 3
8363 3
8364 3
8365 2
8366 3
8367 3
8368 2
8369 2
8370 3
8371 3
8372 3
8373 3
8374 2
8375 2
8376 3
8377 2
8378 3
8379 3
8380 3
8381 3
8382 3
8383 2
8384 2
8385 3
8386 3
8387 3
8388 3
8389 3
8390 3
8391 2
8392 3
8393 3
8394 3
8395 2
8396 3
8397 3
8398 3
8399 2
8400 2
8401 3
8402 3
8403 3
8404 3
8405 3
8406 2
8407 3
8408 3
8409 3
8410 3
8411 3
8412 3
8413 3
8414 3
8415 2
8416 3
8417 2
8418 3
8419 3
8420 2
8421 3
8422 3
8423 3
8424 3
8425 3
8426 3
8427 2
8428 3
8429 2
8430 3
8431 2
8432 3
8433 3
8434 2
8435 3
8436 3
8437 3
8438 3
8439 3
8440 2
8441 3
8442 3
8443 3
8444 3
8445 3
8446 3
8447 3
8448 3
8449 2
8450 3
8451 3
8452 2
8453 3
8454 2
8455 3
8456 3
8457 3
8458 3
8459 2
8460 2
8461 3
8462 3
8463 2
8464 3
8465 3
8466 3
8467 2
8468 2
8469 2
8470 3
8471 3
8472 3
8473 3
8474 3
8475 3
8476 3
8477 3
8478 3
8479 3
8480 3
8481 3
8482 3
8483 2
8484 3
8485 3
8486 3
8487 3
8488 3
8489 3
8490 3
8491 3
8492 3
8493 3
8494 3
8495 3
8496 3
8497 3
8498 3
8499 3
8500 3
8501 3
8502 3
8503 3
8504 2
8505 2
8506 3
8507 3
8508 3
8509 3
8510 3
8511 2
8512 3
8513 3
8514 2
8515 3
8516 3
8517 2
8518 3
8519 3
8520 3
8521 3
8522 2
8523 3
8524 2
8525 3
8526 3
8527 3
8528 3
8529 3
8530 2
8531 2
8532 3
8533 3
8534 3
8535 3
8536 3
8537 3
8538 3
8539 3
8540 2
8541 3
8542 3
8543 3
8544 3
8545 3
8546 2
8547 2
8548 3
8549 2
8550 3
8551 3
8552 3
8553 3
8554 3
8555 2
8556 3
8557 3
8558 3
8559 3
8560 3
8561 3
8562 3
8563 3
8564 3
8565 3
8566 3
8567 3
8568 3
8569 3
8570 3
8571 2
8572 3
8573 2
8574 3
8575 3
8576 2
8577 3
8578 3
8579 3
8580 3
8581 3
8582 2
8583 3
8584 3
8585 3
8586 3
8587 3
8588 2
8589 3
8590 3
8591 3
8592 3
8593 3
8594 2
8595 3
8596 3
8597 3
8598 3
8599 3
8600 2
8601 3
8602 3
8603 2
8604 2
8605 3
8606 3
8607 3
8608 3
8609 3
8610 3
8611 3
8612 3
8613 3
8614 2
8615 3
8616 3
8617 3
8618 2
8619 3
8620 2
8621 2
8622 3
8623 3
8624 3
8625 3
8626 3
8627 2
8628 3
8629 3
8630 3
8631 3
8632 2
8633 3
8634 3
8635 3
8636 3
8637 2
8638 3
8639 3
8640 3
8641 3
8642 3
8643 3
8644 3
8645 3
8646 3
8647 3
8648 3
8649 2
8650 3
8651 2
8652 2
8653 3
8654 3
8655 3
8656 3
8657 3
8658 2
8659 3
8660 3
8661 3
8662 3
8663 3
8664 2
8665 3
8666 2
8667 3
8668 3
8669 3
8670 3
8671 3
8672 3
8673 2
8674 3
8675 3
8676 3
8677 3
8678 3
8679 3
8680 3
8681 2
8682 2
8683 3
8684 3
8685 3
8686 2
8687 3
8688 3
8689 3
8690 2
8691 3
8692 3
8693 3
8694 3
8695 2
8696 3
8697 3
8698 3
8699 3
8700 3
8701 2
8702 3
8703 3
8704 2
8705 3
8706 3
8707 3
8708 3
8709 3
8710 3
8711 2
8712 3
8713 3
8714 2
8715 2
8716 3
8717 3
8718 2
8719 3
8720 3
8721 3
8722 3
8723 2
8724 3
8725 2
8726 3
8727 3
8728 3
8729 2
8730 3
8731 3
8732 3
8733 3
8734 3
8735 2
8736 3
8737 2
8738 3
8739 3
8740 3
8741 3
8742 3
8743 3
8744 3
8745 3
8746 3
8747 3
8748 3
8749 3
8750 3
8751 3
8752 2
8753 2
8754 3
8755 3
8756 3
8757 3
8758 3
8759 3
8760 3
8761 2
8762 3
8763 3
8764 3
8765 3
8766 3
8767 3
8768 3
8769 3
8770 3
8771 3
8772 3
8773 2
8774 3
8775 3
8776 3
8777 3
8778 3
8779 3
8780 3
8781 2
8782 2
8783 3
8784 2
8785 3
8786 3
8787 3
8788 3
8789 3
8790 3
8791 3
8792 3
8793 2
8794 3
8795 3
8796 3
8797 2
8798 3
8799 2
8800 2
8801 2
8802 3
8803 2
8804 3
8805 2
8806 2
8807 2
8808 3
8809 2
8810 3
8811 3
8812 2
8813 3
8814 3
8815 2
8816 3
8817 2
8818 3
8819 3
8820 3
8821 3
8822 3
8823 3
8824 2
8825 2
8826 2
8827 2
8828 3
8829 3
8830 3
8831 3
8832 2
8833 3
8834 3
8835 3
8836 3
8837 2
8838 3
8839 3
8840 3
8841 2
8842 3
8843 3
8844 3
8845 3
8846 3
8847 3
8848 3
8849 2
8850 3
8851 2
8852 3
8853 3
8854 3
8855 3
8856 3
8857 3
8858 3
8859 2
8860 3
8861 2
8862 2
8863 3
8864 3
8865 3
8866 2
8867 3
8868 3
8869 2
8870 3
8871 3
8872 3
8873 3
8874 3
8875 3
8876 3
8877 3
8878 2
8879 3
8880 3
8881 2
8882 3
8883 3
8884 2
8885 3
8886 3
8887 3
8888 2
8889 2
8890 3
8891 2
8892 3
8893 3
8894 3
8895 3
8896 3
8897 3
8898 3
8899 2
8900 3
8901 3
8902 3
8903 2
8904 3
8905 2
8906 3
8907 3
8908 3
8909 3
8910 3
8911 3
8912 3
8913 3
8914 3
8915 3
8916 3
8917 3
8918 2
8919 2
8920 3
8921 3
8922 3
8923 3
8924 2
8925 3
8926 3
8927 3
8928 3
8929 3
8930 3
8931 3
8932 3
8933 2
8934 3
8935 3
8936 3
8937 3
8938 2
8939 3
8940 3
8941 3
8942 2
8943 2
8944 3
8945 3
8946 3
8947 3
8948 3
8949 3
8950 3
8951 3
8952 3
8953 2
8954 2
8955 3
8956 3
8957 2
8958 3
8959 2
8960 3
8961 3
8962 3
8963 3
8964 2
8965 3
8966 3
8967 2
8968 3
8969 3
8970 3
8971 2
8972 3
8973 3
8974 3
8975 3
8976 3
8977 2
8978 2
8979 3
8980 3
8981 3
8982 2
8983 3
8984 2
8985 3
8986 3
8987 3
8988 3
8989 3
8990 3
8991 3
8992 3
8993 3
8994 3
8995 2
8996 3
8997 2
8998 3
8999 3
9000 3
9001 3
9002 2
9003 3
9004 3
9005 3
9006 3
9007 2
9008 3
9009 2
9010 2
9011 2
9012 3
9013 2
9014 3
9015 2
9016 3
9017 2
9018 2
9019 3
9020 3
9021 3
9022 2
9023 2
9024 2
9025 2
9026 3
9027 3
9028 2
9029 3
9030 2
9031 3
9032 3
9033 3
9034 3
9035 3
9036 3
9037 3
9038 3
9039 3
9040 3
9041 2
9042 2
9043 2
9044 2
9045 3
9046 3
9047 3
9048 3
9049 3
9050 3
9051 3
9052 3
9053 3
9054 3
9055 3
9056 3
9057 3
9058 3
9059 2
9060 3
9061 3
9062 3
9063 3
9064 3
9065 3
9066 2
9067 2
9068 3
9069 3
9070 2
9071 3
9072 3
9073 3
9074 3
9075 2
9076 3
9077 2
9078 2
9079 2
9080 2
9081 3
9082 2
9083 3
9084 2
9085 3
9086 2
9087 3
9088 3
9089 3
9090 3
9091 3
9092 2
9093 3
9094 3
9095 3
9096 2
9097 3
9098 2
9099 3
9100 2
9101 3
9102 2
9103 3
9104 3
9105 3
9106 3
9107 2
9108 3
9109 3
9110 3
9111 3
9112 3
9113 3
9114 2
9115 3
9116 2
9117 3
9118 3
9119 3
9120 3
9121 3
9122 2
9123 2
9124 3
9125 2
9126 3
9127 3
9128 2
9129 2
9130 3
9131 2
9132 3
9133 3
9134 2
9135 3
9136 2
9137 3
9138 3
9139 2
9140 3
9141 3
9142 3
9143 3
9144 3
9145 3
9146 2
9147 3
9148 3
9149 3
9150 2
9151 2
9152 3
9153 3
9154 3
9155 3
9156 3
9157 2
9158 2
9159 3
9160 2
9161 3
9162 3
9163 3
9164 3
9165 3
9166 3
9167 2
9168 3
9169 2
9170 2
9171 3
9172 3
9173 2
9174 3
9175 3
9176 3
9177 3
9178 2
9179 3
9180 3
9181 3
9182 2
9183 2
9184 3
9185 2
9186 2
9187 3
9188 3
9189 3
9190 3
9191 3
9192 3
9193 3
9194 3
9195 3
9196 2
9197 3
9198 3
9199 2
9200 3
9201 3
9202 3
9203 3
9204 3
9205 2
9206 3
9207 3
9208 2
9209 3
9210 3
9211 3
9212 2
9213 3
9214 3
9215 3
9216 3
9217 3
9218 3
9219 3
9220 2
9221 3
9222 3
9223 3
9224 3
9225 3
9226 3
9227 3
9228 3
9229 2
9230 3
9231 2
9232 3
9233 3
9234 3
9235 2
9236 3
9237 3
9238 3
9239 3
9240 3
9241 2
9242 2
9243 3
9244 3
9245 3
9246 3
9247 3
9248 3
9249 3
9250 2
9251 2
9252 3
9253 2
9254 3
9255 2
9256 3
9257 3
9258 3
9259 3
9260 2
9261 3
9262 2
9263 3
9264 3
9265 2
9266 3
9267 3
9268 3
9269 3
9270 3
9271 2
9272 2
9273 3
9274 2
9275 2
9276 3
9277 2
9278 3
9279 3
9280 2
9281 3
9282 3
9283 3
9284 3
9285 2
9286 3
9287 3
9288 3
9289 2
9290 3
9291 3
9292 2
9293 3
9294 3
9295 3
9296 3
9297 3
9298 3
9299 3
9300 3
9301 3
9302 3
9303 3
9304 3
9305 2
9306 2
9307 3
9308 3
9309 3
9310 3
9311 3
9312 3
9313 3
9314 3
9315 3
9316 3
9317 3
9318 3
9319 3
9320 3
9321 3
9322 2
9323 3
9324 3
9325 2
9326 2
9327 3
9328 3
9329 3
9330 3
9331 3
9332 3
9333 3
9334 3
9335 3
9336 3
9337 3
9338 3
9339 3
9340 3
9341 2
9342 3
9343 3
9344 3
9345 3
9346 3
9347 3
9348 3
9349 3
9350 3
9351 3
9352 3
9353 3
9354 3
9355 2
9356 2
9357 3
9358 3
9359 3
9360 2
9361 3
9362 3
9363 3
9364 3
9365 3
9366 3
9367 3
9368 2
9369 3
9370 2
9371 3
9372 3
9373 3
9374 2
9375 2
9376 3
9377 3
9378 3
9379 3
9380 3
9381 2
9382 3
9383 3
9384 3
9385 3
9386 3
9387 3
9388 2
9389 3
9390 3
9391 2
9392 3
9393 3
9394 3
9395 3
9396 2
9397 3
9398 3
9399 3
9400 2
9401 3
9402 3
9403 2
9404 3
9405 3
9406 3
9407 3
9408 3
9409 3
9410 3
9411 3
9412 3
9413 3
9414 2
9415 3
9416 2
9417 3
9418 3
9419 3
9420 3
9421 2
9422 3
9423 3
9424 3
9425 3
9426 3
9427 3
9428 3
9429 2
9430 2
9431 2
9432 2
9433 3
9434 3
9435 3
9436 3
9437 3
9438 3
9439 2
9440 3
9441 2
9442 3
9443 3
9444 3
9445 2
9446 3
9447 2
9448 3
9449 3
9450 2
9451 2
9452 3
9453 3
9454 3
9455 3
9456 2
9457 2
9458 3
9459 3
9460 3
9461 3
9462 3
9463 3
9464 2
9465 3
9466 3
9467 3
9468 2
9469 3
9470 3
9471 2
9472 3
9473 3
9474 3
9475 3
9476 3
9477 3
9478 2
9479 2
9480 2
9481 3
9482 2
9483 3
9484 3
9485 2
9486 3
9487 2
9488 2
9489 3
9490 2
9491 3
9492 2
9493 3
9494 3
9495 3
9496 3
9497 3
9498 3
9499 3
9500 3
9501 3
9502 3
9503 3
9504 3
9505 3
9506 3
9507 3
9508 2
9509 3
9510 3
9511 3
9512 3
9513 2
9514 3
9515 3
9516 3
9517 3
9518 3
9519 2
9520 3
9521 3
9522 2
9523 3
9524 2
9525 3
9526 3
9527 2
9528 2
9529 3
9530 3
9531 3
9532 3
9533 2
9534 3
9535 3
9536 3
9537 3
9538 3
9539 3
9540 2
9541 2
9542 3
9543 2
9544 3
9545 2
9546 3
9547 3
9548 3
9549 3
9550 3
9551 3
9552 2
9553 3
9554 3
9555 3
9556 2
9557 3
9558 2
9559 3
9560 3
9561 3
9562 3
9563 2
9564 2
9565 3
9566 3
9567 3
9568 3
9569 2
9570 3
9571 3
9572 3
9573 2
9574 3
9575 3
9576 3
9577 2
9578 3
9579 3
9580 2
9581 2
9582 3
9583 3
9584 2
9585 2
9586 3
9587 3
9588 3
9589 3
9590 3
9591 2
9592 2
9593 3
9594 3
9595 3
9596 2
9597 3
9598 3
9599 3
9600 2
9601 3
9602 3
9603 2
9604 2
9605 2
9606 3
9607 3
9608 2
9609 3
9610 3
9611 2
9612 2
9613 3
9614 3
9615 2
9616 2
9617 2
9618 3
9619 3
9620 3
9621 3
9622 3
9623 3
9624 2
9625 3
9626 2
9627 3
9628 3
9629 3
9630 2
9631 3
9632 3
9633 3
9634 3
9635 3
9636 2
9637 2
9638 3
9639 3
9640 3
9641 3
9642 3
9643 2
9644 3
9645 3
9646 3
9647 3
9648 3
9649 3
9650 2
9651 3
9652 3
9653 3
9654 3
9655 2
9656 3
9657 2
9658 3
9659 3
9660 2
9661 2
9662 3
9663 2
9664 3
9665 2
9666 2
9667 2
9668 3
9669 3
9670 3
9671 3
9672 3
9673 2
9674 3
9675 2
9676 3
9677 3
9678 3
9679 3
9680 3
9681 3
9682 3
9683 3
9684 2
9685 3
9686 3
9687 2
9688 3
9689 3
9690 3
9691 3
9692 2
9693 3
9694 2
9695 2
9696 3
9697 2
9698 3
9699 3
9700 2
9701 3
9702 3
9703 2
9704 3
9705 3
9706 2
9707 2
9708 3
9709 3
9710 2
9711 3
9712 3
9713 3
9714 3
9715 3
9716 3
9717 3
9718 3
9719 3
9720 3
9721 3
9722 2
9723 3
9724 3
9725 3
9726 3
9727 3
9728 3
9729 2
9730 2
9731 3
9732 3
9733 3
9734 3
9735 2
9736 3
9737 2
9738 3
9739 3
9740 3
9741 2
9742 3
9743 2
9744 3
9745 3
9746 3
9747 2
9748 3
9749 3
9750 3
9751 3
9752 3
9753 3
9754 3
9755 2
9756 3
9757 3
9758 3
9759 2
9760 3
9761 3
9762 3
9763 2
9764 2
9765 2
9766 3
9767 3
9768 3
9769 3
9770 3
9771 3
9772 3
9773 2
9774 3
9775 3
9776 3
9777 3
9778 3
9779 3
9780 3
9781 3
9782 2
9783 2
9784 3
9785 3
9786 2
9787 3
9788 3
9789 2
9790 2
9791 3
9792 3
9793 3
9794 3
9795 3
9796 3
9797 3
9798 3
9799 3
9800 3
9801 3
9802 3
9803 3
9804 3
9805 2
9806 2
9807 3
9808 2
9809 2
9810 3
9811 3
9812 2
9813 2
9814 3
9815 3
9816 3
9817 3
9818 3
9819 3
9820 3
9821 2
9822 3
9823 3
9824 3
9825 3
9826 3
9827 3
9828 3
9829 3
9830 3
9831 3
9832 3
9833 2
9834 3
9835 3
9836 2
9837 2
9838 3
9839 2
9840 3
9841 3
9842 3
9843 2
9844 3
9845 2
9846 3
9847 3
9848 3
9849 2
9850 3
9851 2
9852 3
9853 3
9854 3
9855 3
9856 3
9857 3
9858 3
9859 3
9860 3
9861 3
9862 3
9863 3
9864 3
9865 2
9866 3
9867 3
9868 3
9869 3
9870 2
9871 3
9872 3
9873 3
9874 3
9875 2
9876 2
9877 3
9878 3
9879 3
9880 3
9881 3
9882 3
9883 3
9884 3
9885 3
9886 2
9887 3
9888 3
9889 3
9890 3
9891 3
9892 3
9893 3
9894 3
9895 3
9896 3
9897 2
9898 3
9899 3
9900 3
9901 3
9902 3
9903 3
9904 3
9905 3
9906 3
9907 2
9908 3
9909 3
9910 3
9911 3
9912 3
9913 2
9914 3
9915 2
9916 3
9917 3
9918 3
9919 3
9920 3
9921 3
9922 3
9923 3
9924 3
9925 2
9926 3
9927 3
9928 2
9929 3
9930 3
9931 3
9932 2
9933 3
9934 2
9935 3
9936 3
9937 3
9938 3
9939 3
9940 3
9941 2
9942 3
9943 3
9944 3
9945 3
9946 3
9947 3
9948 3
9949 2
9950 2
9951 3
9952 3
9953 3
9954 3
9955 3
9956 2
9957 3
9958 3
9959 3
9960 3
9961 3
9962 3
9963 3
9964 3
9965 2
9966 3
9967 3
9968 3
9969 3
9970 3
9971 3
9972 3
9973 3
9974 2
9975 2
9976 3
9977 3
9978 3
9979 3
9980 3
9981 3
9982 3
9983 2
9984 3
9985 3
9986 3
9987 3
9988 3
9989 3
9990 3
9991 3
9992 3
9993 3
9994 3
9995 2
9996 3
9997 3
9998 3
9999 3
10000 3
10001 3
10002 3
10003 2
10004 3
10005 2
10006 2
10007 3
10008 2
10009 3
10010 3
10011 3
10012 3
10013 3
10014 3
10015 2
10016 3
10017 3
10018 3
10019 3
10020 3
10021 3
10022 3
10023 3
10024 2
10025 3
10026 3
10027 3
10028 3
10029 2
10030 3
10031 2
10032 3
10033 3
10034 2
10035 3
10036 3
10037 3
10038 3
10039 3
10040 3
10041 3
10042 3
10043 3
10044 2
10045 3
10046 2
10047 2
10048 2
10049 3
10050 3
10051 3
10052 3
10053 3
10054 3
10055 2
10056 3
10057 3
10058 3
10059 3
10060 3
10061 3
10062 3
10063 2
10064 3
10065 3
10066 3
10067 2
10068 3
10069 3
10070 3
10071 2
10072 2
10073 3
10074 3
10075 3
10076 2
10077 3
10078 3
10079 3
10080 3
10081 2
10082 3
10083 2
10084 2
10085 3
10086 2
10087 3
10088 3
10089 3
10090 3
10091 3
10092 3
10093 3
10094 3
10095 3
10096 3
10097 3
10098 3
10099 3
10100 3
10101 3
10102 3
10103 2
10104 3
10105 3
10106 2
10107 3
10108 3
10109 2
10110 3
10111 2
10112 3
10113 2
10114 3
10115 3
10116 3
10117 3
10118 2
10119 3
10120 3
10121 3
10122 2
10123 3
10124 3
10125 3
10126 3
10127 2
10128 2
10129 3
10130 3
10131 3
10132 3
10133 3
10134 2
10135 3
10136 3
10137 2
10138 3
10139 3
10140 2
10141 3
10142 3
10143 3
10144 3
10145 3
10146 3
10147 2
10148 3
10149 3
10150 3
10151 3
10152 3
10153 3
10154 3
10155 3
10156 3
10157 2
10158 3
10159 3
10160 3
10161 3
10162 3
10163 3
10164 3
10165 3
10166 2
10167 3
10168 3
10169 3
10170 3
10171 3
10172 2
10173 2
10174 3
10175 2
10176 3
10177 3
10178 3
10179 2
10180 3
10181 3
10182 3
10183 3
10184 3
10185 3
10186 3
10187 3
10188 2
10189 3
10190 3
10191 3
10192 3
10193 2
10194 3
10195 3
10196 3
10197 3
10198 3
10199 3
10200 3
10201 3
10202 3
10203 3
10204 3
10205 2
10206 3
10207 3
10208 3
10209 3
10210 3
10211 3
10212 3
10213 3
10214 3
10215 3
10216 3
10217 3
10218 3
10219 3
10220 3
10221 2
10222 3
10223 3
10224 3
10225 3
10226 3
10227 3
10228 3
10229 3
10230 3
10231 2
10232 3
10233 3
10234 3
10235 2
10236 3
10237 3
10238 3
10239 3
10240 3
10241 3
10242 3
10243 3
10244 3
10245 3
10246 3
10247 2
10248 3
10249 2
10250 3
10251 3
10252 3
10253 3
10254 2
10255 3
10256 3
10257 3
10258 2
10259 3
10260 3
10261 2
10262 3
10263 3
10264 3
10265 3
10266 2
10267 3
10268 2
10269 2
10270 2
10271 3
10272 3
10273 3
10274 3
10275 2
10276 2
10277 2
10278 3
10279 3
10280 3
10281 3
10282 2
10283 2
10284 3
10285 3
10286 2
10287 3
10288 3
10289 3
10290 2
10291 3
10292 3
10293 3
10294 3
10295 3
10296 3
10297 3
10298 3
10299 3
10300 3
10301 3
10302 3
10303 3
10304 3
10305 3
10306 2
10307 2
10308 3
10309 3
10310 3
10311 3
10312 2
10313 2
10314 3
10315 3
10316 3
10317 3
10318 2
10319 2
10320 2
10321 2
10322 3
10323 2
10324 3
10325 3
10326 3
10327 2
10328 3
10329 3
10330 3
10331 3
10332 3
10333 3
10334 3
10335 2
10336 3
10337 3
10338 3
10339 3
10340 2
10341 3
10342 2
10343 2
10344 2
10345 3
10346 3
10347 3
10348 2
10349 3
10350 3
10351 2
10352 3
10353 3
10354 2
10355 2
10356 2
10357 3
10358 3
10359 3
10360 3
10361 3
10362 3
10363 3
10364 3
10365 2
10366 3
10367 3
10368 3
10369 2
10370 3
10371 3
10372 2
10373 3
10374 3
10375 3
10376 3
10377 2
10378 3
10379 3
10380 3
10381 3
10382 3
10383 2
10384 3
10385 2
10386 3
10387 3
10388 3
10389 2
10390 2
10391 2
10392 3
10393 3
10394 3
10395 3
10396 3
10397 3
10398 3
10399 3
10400 2
10401 3
10402 3
10403 2
10404 2
10405 3
10406 3
10407 3
10408 2
10409 3
10410 3
10411 2
10412 3
10413 2
10414 3
10415 3
10416 3
10417 3
10418 2
10419 3
10420 3
10421 3
10422 3
10423 2
10424 2
10425 2
10426 3
10427 3
10428 2
10429 3
10430 3
10431 3
10432 3
10433 3
10434 2
10435 3
10436 3
10437 3
10438 3
10439 3
10440 3
10441 2
10442 2
10443 3
10444 3
10445 3
10446 2
10447 3
10448 3
10449 3
10450 3
10451 3
10452 2
10453 3
10454 3
10455 3
10456 3
10457 3
10458 3
10459 3
10460 3
10461 3
10462 3
10463 3
10464 3
10465 3
10466 3
10467 3
10468 2
10469 3
10470 3
10471 2
10472 2
10473 3
10474 3
10475 3
10476 2
10477 3
10478 3
10479 2
10480 2
10481 3
10482 3
10483 3
10484 3
10485 3
10486 3
10487 3
10488 3
10489 3
10490 2
10491 3
10492 3
10493 3
10494 2
10495 3
10496 3
10497 3
10498 3
10499 3
10500 3
10501 2
10502 3
10503 3
10504 3
10505 3
10506 3
10507 3
10508 2
10509 3
10510 3
10511 3
10512 2
10513 3
10514 3
10515 3
10516 3
10517 3
10518 2
10519 3
10520 2
10521 3
10522 3
10523 3
10524 3
10525 3
10526 3
10527 3
10528 3
10529 3
10530 3
10531 3
10532 2
10533 3
10534 3
10535 3
10536 3
10537 3
10538 2
10539 3
10540 3
10541 2
10542 2
10543 3
10544 3
10545 2
10546 3
10547 3
10548 3
10549 3
10550 3
10551 3
10552 2
10553 3
10554 2
10555 3
10556 3
10557 2
10558 3
10559 2
10560 2
10561 3
10562 3
10563 3
10564 3
10565 3
10566 3
10567 3
10568 3
10569 2
10570 3
10571 3
10572 2
10573 3
10574 3
10575 3
10576 2
10577 2
10578 3
10579 3
10580 2
10581 3
10582 3
10583 3
10584 3
10585 3
10586 3
10587 3
10588 3
10589 3
10590 3
10591 3
10592 3
10593 2
10594 3
10595 3
10596 2
10597 3
10598 2
10599 3
10600 3
10601 2
10602 3
10603 3
10604 2
10605 2
10606 3
10607 3
10608 3
10609 3
10610 3
10611 3
10612 2
10613 3
10614 3
10615 3
10616 3
10617 3
10618 3
10619 3
10620 3
10621 3
10622 3
10623 3
10624 3
10625 3
10626 3
10627 2
10628 2
10629 2
10630 3
10631 3
10632 3
10633 3
10634 3
10635 3
10636 3
10637 2
10638 3
10639 3
10640 3
10641 2
10642 3
10643 3
10644 3
10645 3
10646 3
10647 2
10648 2
10649 3
10650 3
10651 3
10652 3
10653 3
10654 3
10655 2
10656 3
10657 3
10658 3
10659 2
10660 2
10661 3
10662 2
10663 3
10664 3
10665 3
10666 3
10667 3
10668 3
10669 3
10670 3
10671 3
10672 3
10673 3
10674 2
10675 3
10676 3
10677 3
10678 3
10679 3
10680 3
10681 3
10682 3
10683 2
10684 3
10685 3
10686 3
10687 3
10688 2
10689 3
10690 3
10691 2
10692 3
10693 3
10694 3
10695 2
10696 3
10697 3
10698 3
10699 3
10700 3
10701 3
10702 3
10703 3
10704 3
10705 2
10706 3
10707 3
10708 3
10709 3
10710 3
10711 2
10712 3
10713 3
10714 3
10715 3
10716 3
10717 2
10718 3
10719 3
10720 2
10721 2
10722 3
10723 3
10724 2
10725 2
10726 3
10727 3
10728 3
10729 2
10730 3
10731 3
10732 2
10733 2
10734 3
10735 3
10736 2
10737 3
10738 3
10739 3
10740 3
10741 3
10742 3
10743 3
10744 3
10745 3
10746 3
10747 3
10748 2
10749 3
10750 3
10751 3
10752 3
10753 3
10754 2
10755 3
10756 3
10757 3
10758 3
10759 2
10760 3
10761 2
10762 3
10763 3
10764 3
10765 3
10766 3
10767 3
10768 2
10769 3
10770 2
10771 3
10772 3
10773 3
10774 3
10775 3
10776 3
10777 2
10778 3
10779 3
10780 3
10781 2
10782 3
10783 2
10784 3
10785 3
10786 3
10787 2
10788 3
10789 2
10790 3
10791 3
10792 2
10793 3
10794 3
10795 3
10796 3
10797 3
10798 3
10799 3
10800 3
10801 2
10802 3
10803 3
10804 3
10805 3
10806 3
10807 3
10808 3
10809 3
10810 3
10811 2
10812 3
10813 3
10814 3
10815 3
10816 3
10817 3
10818 3
10819 3
10820 3
10821 3
10822 3
10823 3
10824 3
10825 3
10826 3
10827 3
10828 2
10829 3
10830 2
10831 2
10832 2
10833 3
10834 3
10835 3
10836 3
10837 3
10838 3
10839 3
10840 3
10841 3
10842 2
10843 2
10844 3
10845 3
10846 3
10847 3
10848 3
10849 2
10850 2
10851 2
10852 3
10853 3
10854 3
10855 3
10856 2
10857 3
10858 3
10859 3
10860 2
10861 2
10862 3
10863 3
10864 2
10865 3
10866 3
10867 3
10868 3
10869 3
10870 3
10871 3
10872 3
10873 2
10874 2
10875 3
10876 3
10877 3
10878 3
10879 3
10880 2
10881 3
10882 2
10883 3
10884 2
10885 3
10886 3
10887 2
10888 3
10889 3
10890 3
10891 3
10892 2
10893 3
10894 3
10895 3
10896 3
10897 3
10898 3
10899 3
10900 2
10901 3
10902 3
10903 3
10904 3
10905 3
10906 3
10907 3
10908 3
10909 3
10910 3
10911 2
10912 2
10913 3
10914 3
10915 3
10916 3
10917 3
10918 2
10919 2
10920 3
10921 2
10922 3
10923 2
10924 3
10925 3
10926 3
10927 3
10928 3
10929 2
10930 2
10931 2
10932 3
10933 3
10934 3
10935 2
10936 2
10937 3
10938 2
10939 3
10940 3
10941 3
10942 3
10943 3
10944 3
10945 3
10946 3
10947 2
10948 3
10949 3
10950 3
10951 2
10952 3
10953 3
10954 3
10955 3
10956 2
10957 3
10958 3
10959 3
10960 3
10961 3
10962 3
10963 3
10964 3
10965 2
10966 2
10967 2
10968 2
10969 3
10970 3
10971 3
10972 3
10973 3
10974 3
10975 3
10976 3
10977 3
10978 3
10979 3
10980 3
10981 3
10982 3
10983 3
10984 3
10985 3
10986 3
10987 3
10988 2
10989 3
10990 3
10991 3
10992 3
10993 3
10994 2
10995 3
10996 3
10997 3
10998 3
10999 3
11000 3
11001 3
11002 3
11003 3
11004 3
11005 3
11006 3
11007 3
11008 3
11009 3
11010 2
11011 2
11012 3
11013 3
11014 2
11015 3
11016 3
11017 3
11018 3
11019 2
11020 3
11021 2
11022 3
11023 3
11024 3
11025 3
11026 3
11027 3
11028 2
11029 3
11030 2
11031 3
11032 2
11033 3
11034 2
11035 3
11036 2
11037 3
11038 3
11039 3
11040 3
11041 2
11042 2
11043 2
11044 3
11045 2
11046 3
11047 3
11048 3
11049 3
11050 2
11051 3
11052 2
11053 3
11054 2
11055 3
11056 3
11057 3
11058 3
11059 3
11060 3
11061 3
11062 3
11063 3
11064 3
11065 3
11066 3
11067 3
11068 3
11069 3
11070 3
11071 3
11072 3
11073 3
11074 3
11075 2
11076 3
11077 3
11078 3
11079 3
11080 3
11081 3
11082 2
11083 3
11084 3
11085 3
11086 3
11087 2
11088 3
11089 3
11090 3
11091 2
11092 3
11093 3
11094 2
11095 3
11096 3
11097 3
11098 3
11099 3
11100 2
11101 3
11102 3
11103 3
11104 3
11105 3
11106 2
11107 3
11108 3
11109 3
11110 3
11111 3
11112 2
11113 3
11114 3
11115 3
11116 2
11117 3
11118 3
11119 3
11120 3
11121 3
11122 3
11123 2
11124 2
11125 3
11126 3
11127 2
11128 3
11129 3
11130 3
11131 2
11132 3
11133 3
11134 3
11135 3
11136 3
11137 2
11138 3
11139 3
11140 3
11141 3
11142 3
11143 3
11144 3
11145 3
11146 3
11147 3
11148 3
11149 2
11150 3
11151 3
11152 3
11153 3
11154 2
11155 3
11156 2
11157 3
11158 3
11159 3
11160 3
11161 2
11162 3
11163 3
11164 2
11165 2
11166 2
11167 3
11168 2
11169 3
11170 3
11171 2
11172 3
11173 3
11174 3
11175 3
11176 3
11177 2
11178 3
11179 3
11180 3
11181 3
11182 2
11183 3
11184 3
11185 3
11186 3
11187 3
11188 2
11189 3
11190 3
11191 2
11192 3
11193 3
11194 3
11195 3
11196 3
11197 3
11198 3
11199 2
11200 2
11201 3
11202 3
11203 3
11204 3
11205 3
11206 2
11207 2
11208 3
11209 3
11210 3
11211 3
11212 2
11213 3
11214 3
11215 3
11216 3
11217 3
11218 2
11219 3
11220 3
11221 3
11222 3
11223 2
11224 3
11225 3
11226 3
11227 3
11228 3
11229 3
11230 3
11231 2
11232 3
11233 3
11234 2
11235 3
11236 3
11237 3
11238 2
11239 2
11240 2
11241 3
11242 2
11243 3
11244 3
11245 3
11246 3
11247 3
11248 2
11249 3
11250 3
11251 3
11252 3
11253 3
11254 2
11255 3
11256 2
11257 2
11258 2
11259 3
11260 3
11261 3
11262 3
11263 3
11264 3
11265 3
11266 2
11267 3
11268 2
11269 2
11270 3
11271 3
11272 3
11273 2
11274 3
11275 3
11276 3
11277 3
11278 3
11279 3
11280 3
11281 3
11282 3
11283 3
11284 3
11285 2
11286 3
11287 3
11288 3
11289 3
11290 3
11291 2
11292 3
11293 2
11294 3
11295 2
11296 3
11297 3
11298 3
11299 2
11300 3
11301 3
11302 3
11303 3
11304 3
11305 3
11306 3
11307 2
11308 3
11309 3
11310 2
11311 3
11312 3
11313 3
11314 3
11315 3
11316 3
11317 3
11318 3
11319 3
11320 3
11321 3
11322 2
11323 3
11324 3
11325 3
11326 3
11327 3
11328 3
11329 3
11330 3
11331 3
11332 3
11333 3
11334 3
11335 2
11336 3
11337 3
11338 3
11339 3
11340 3
11341 3
11342 3
11343 2
11344 3
11345 3
11346 3
11347 3
11348 3
11349 3
11350 3
11351 3
11352 3
11353 3
11354 3
11355 3
11356 3
11357 3
11358 3
11359 2
11360 3
11361 3
11362 2
11363 3
11364 3
11365 3
11366 3
11367 2
11368 3
11369 2
11370 2
11371 3
11372 3
11373 3
11374 3
11375 3
11376 3
11377 3
11378 3
11379 3
11380 3
11381 3
11382 2
11383 3
11384 3
11385 3
11386 2
11387 3
11388 3
11389 3
11390 3
11391 3
11392 2
11393 2
11394 3
11395 3
11396 3
11397 3
11398 3
11399 3
11400 2
11401 3
11402 3
11403 3
11404 3
11405 3
11406 3
11407 3
11408 3
11409 3
11410 2
11411 3
11412 2
11413 2
11414 3
11415 3
11416 3
11417 3
11418 3
11419 3
11420 3
11421 3
11422 3
11423 3
11424 3
11425 3
11426 3
11427 3
11428 3
11429 3
11430 3
11431 3
11432 3
11433 3
11434 3
11435 3
11436 3
11437 3
11438 3
11439 3
11440 3
11441 2
11442 2
11443 2
11444 2
11445 3
11446 2
11447 3
11448 3
11449 3
11450 3
11451 3
11452 3
11453 3
11454 3
11455 3
11456 3
11457 2
11458 3
11459 3
11460 2
11461 3
11462 2
11463 2
11464 3
11465 3
11466 2
11467 3
11468 3
11469 3
11470 3
11471 3
11472 3
11473 3
11474 3
11475 3
11476 2
11477 3
11478 3
11479 3
11480 3
11481 3
11482 3
11483 2
11484 2
11485 3
11486 3
11487 3
11488 2
11489 3
11490 3
11491 3
11492 3
11493 2
11494 3
11495 3
11496 3
11497 3
11498 3
11499 3
11500 3
11501 3
11502 3
11503 3
11504 3
11505 3
11506 2
11507 3
11508 3
11509 3
11510 3
11511 3
11512 3
11513 3
11514 3
11515 3
11516 3
11517 3
11518 3
11519 3
11520 3
11521 3
11522 3
11523 3
11524 3
11525 3
11526 3
11527 2
11528 2
11529 2
11530 2
11531 3
11532 3
11533 3
11534 2
11535 3
11536 3
11537 3
11538 3
11539 3
11540 3
11541 3
11542 2
11543 3
11544 3
11545 2
11546 3
11547 3
11548 3
11549 3
11550 3
11551 3
11552 3
11553 3
11554 3
11555 3
11556 3
11557 3
11558 3
11559 3
11560 3
11561 3
11562 2
11563 3
11564 2
11565 3
11566 3
11567 3
11568 3
11569 3
11570 3
11571 2
11572 3
11573 2
11574 2
11575 3
11576 3
11577 3
11578 3
11579 3
11580 2
11581 3
11582 3
11583 3
11584 3
11585 3
11586 3
11587 3
11588 3
11589 3
11590 3
11591 3
11592 3
11593 3
11594 3
11595 3
11596 3
11597 3
11598 3
11599 3
11600 3
11601 3
11602 3
11603 3
11604 3
11605 3
11606 2
11607 3
11608 3
11609 3
11610 3
11611 3
11612 3
11613 3
11614 3
11615 3
11616 3
11617 3
11618 3
11619 3
11620 2
11621 2
11622 3
11623 3
11624 3
11625 3
11626 3
11627 3
11628 3
11629 3
11630 3
11631 3
11632 2
11633 3
11634 3
11635 3
11636 3
11637 3
11638 2
11639 3
11640 3
11641 3
11642 3
11643 3
11644 3
11645 3
11646 3
11647 3
11648 2
11649 3
11650 2
11651 3
11652 3
11653 3
11654 3
11655 3
11656 3
11657 3
11658 3
11659 3
11660 3
11661 3
11662 3
11663 2
11664 3
11665 3
11666 3
11667 3
11668 3
11669 3
11670 3
11671 3
11672 2
11673 3
11674 3
11675 3
11676 3
11677 3
11678 3
11679 3
11680 3
11681 3
11682 3
11683 3
11684 3
11685 3
11686 3
11687 3
11688 2
11689 3
11690 3
11691 2
11692 3
11693 3
11694 3
11695 3
11696 3
11697 3
11698 2
11699 3
11700 3
11701 2
11702 3
11703 3
11704 3
11705 3
11706 3
11707 3
11708 2
11709 3
11710 3
11711 3
11712 3
11713 3
11714 3
11715 3
11716 3
11717 3
11718 3
11719 3
11720 2
11721 3
11722 3
11723 3
11724 3
11725 2
11726 3
11727 2
11728 3
11729 3
11730 3
11731 3
11732 3
11733 3
11734 3
11735 3
11736 3
11737 2
11738 2
11739 3
11740 3
11741 3
11742 3
11743 3
11744 3
11745 2
11746 3
11747 3
11748 3
11749 3
11750 3
11751 2
11752 3
11753 3
11754 3
11755 3
11756 3
11757 3
11758 3
11759 3
11760 3
11761 3
11762 3
11763 3
11764 3
11765 2
11766 3
11767 3
11768 3
11769 3
11770 3
11771 3
11772 3
11773 3
11774 3
11775 3
11776 3
11777 3
11778 2
11779 3
11780 2
11781 3
11782 3
11783 3
11784 3
11785 3
11786 3
11787 3
11788 3
11789 2
11790 3
11791 3
11792 3
11793 3
11794 3
11795 3
11796 3
11797 3
11798 3
11799 3
11800 3
11801 3
11802 3
11803 2
11804 3
11805 3
11806 2
11807 3
11808 2
11809 3
11810 3
11811 3
11812 3
11813 3
11814 3
11815 3
11816 3
11817 3
11818 3
11819 3
11820 3
11821 3
11822 3
11823 3
11824 3
11825 3
11826 3
11827 3
11828 3
11829 3
11830 3
11831 3
11832 3
11833 3
11834 3
11835 3
11836 3
11837 3
11838 3
11839 3
11840 3
11841 2
11842 3
11843 3
11844 3
11845 3
11846 3
11847 3
11848 2
11849 3
11850 3
11851 3
11852 2
11853 3
11854 3
11855 3
11856 3
11857 3
11858 3
11859 3
11860 3
11861 3
11862 3
11863 3
11864 2
11865 3
11866 3
11867 3
11868 3
11869 3
11870 3
11871 3
11872 3
11873 3
11874 3
11875 3
11876 3
11877 3
11878 3
11879 3
11880 3
11881 3
11882 3
11883 2
11884 3
11885 3
11886 2
11887 2
11888 3
11889 3
11890 3
11891 3
11892 2
11893 3
11894 2
11895 3
11896 3
11897 3
11898 3
11899 2
11900 2
11901 3
11902 3
11903 3
11904 3
11905 3
11906 3
11907 2
11908 3
11909 3
11910 3
11911 3
11912 3
11913 3
11914 3
11915 3
11916 3
11917 3
11918 3
11919 2
11920 3
11921 3
11922 3
11923 2
11924 2
11925 2
11926 3
11927 3
11928 3
11929 3
11930 2
11931 3
11932 3
11933 3
11934 3
11935 3
11936 3
11937 3
11938 3
11939 3
11940 3
11941 3
11942 3
11943 3
11944 2
11945 3
11946 3
11947 3
11948 3
11949 3
11950 3
11951 3
11952 3
11953 2
11954 3
11955 3
11956 3
11957 3
11958 3
11959 3
11960 3
11961 3
11962 2
11963 3
11964 3
11965 3
11966 2
11967 3
11968 3
11969 3
11970 3
11971 3
11972 2
11973 3
11974 3
11975 3
11976 3
11977 3
11978 3
11979 3
11980 3
11981 3
11982 3
11983 3
11984 3
11985 2
11986 2
11987 3
11988 3
11989 2
11990 3
11991 3
11992 3
11993 3
11994 3
11995 3
11996 3
11997 3
11998 3
11999 3
12000 3
12001 3
12002 2
12003 3
12004 3
12005 3
12006 3
12007 3
12008 3
12009 3
12010 3
12011 3
12012 3
12013 3
12014 3
12015 3
12016 3
12017 3
12018 3
12019 3
12020 3
12021 3
12022 3
12023 3
12024 3
12025 2
12026 3
12027 3
12028 3
12029 3
12030 3
12031 3
12032 3
12033 3
12034 3
12035 3
12036 3
12037 3
12038 3
12039 3
12040 3
12041 2
12042 3
12043 3
12044 3
12045 3
12046 3
12047 3
12048 2
12049 3
12050 3
12051 3
12052 3
12053 3
12054 3
12055 3
12056 3
12057 3
12058 3
12059 3
12060 2
12061 3
12062 3
12063 3
12064 3
12065 3
12066 3
12067 3
12068 3
12069 2
12070 3
12071 3
12072 3
12073 3
12074 3
12075 3
12076 3
12077 3
12078 3
12079 3
12080 3
12081 3
12082 3
12083 3
12084 3
12085 3
12086 3
12087 3
12088 3
12089 3
12090 3
12091 3
12092 2
12093 3
12094 3
12095 3
12096 3
12097 3
12098 3
12099 3
12100 3
12101 3
12102 3
12103 3
12104 3
12105 3
12106 3
12107 3
12108 3
12109 3
12110 3
12111 3
12112 3
12113 3
12114 3
12115 3
12116 3
12117 3
12118 3
12119 3
12120 3
12121 3
12122 3
12123 3
12124 3
12125 3
12126 3
12127 3
12128 3
12129 3
12130 3
12131 3
12132 3
12133 3
12134 3
12135 3
12136 3
12137 3
12138 3
12139 3
12140 3
12141 3
12142 3
12143 3
12144 3
12145 3
12146 3
12147 3
12148 3
12149 3
12150 3
12151 3
12152 3
12153 3
12154 3
12155 2
12156 3
12157 3
12158 3
12159 3
12160 3
12161 3
12162 3
12163 3
12164 3
12165 3
12166 3
12167 3
12168 3
12169 3
12170 3
12171 3
12172 3
12173 3
12174 3
12175 3
12176 3
12177 3
12178 3
12179 3
12180 2
12181 3
12182 3
12183 3
12184 3
12185 3
12186 3
12187 3
12188 3
12189 3
12190 3
12191 3
12192 3
12193 3
12194 3
12195 3
12196 3
12197 2
12198 3
12199 3
12200 3
12201 3
12202 3
12203 3
12204 3
12205 3
12206 3
12207 3
12208 3
12209 3
12210 3
12211 3
12212 3
12213 3
12214 3
12215 3
12216 3
12217 3
12218 3
12219 3
12220 3
12221 3
12222 3
12223 3
12224 3
12225 3
12226 3
12227 3
12228 3
12229 3
12230 3
12231 3
12232 3
12233 3
12234 3
12235 3
12236 3
12237 3
12238 3
12239 3
12240 3
12241 3
12242 3
12243 3
12244 3
12245 3
12246 3
12247 3
12248 3
12249 3
12250 3
12251 3
12252 3
12253 3
12254 3
12255 3
12256 3
12257 3
12258 3
12259 3
12260 3
12261 3
12262 3
12263 3
12264 3
12265 3
12266 3
12267 3
12268 3
12269 3
12270 3
12271 3
12272 3
12273 3
12274 3
12275 3
12276 3
12277 3
12278 3
12279 3
12280 3
12281 3
12282 3
12283 3
12284 3
12285 3
12286 3
12287 3
12288 3
12289 3
12290 3
12291 3
12292 3
12293 3
12294 3
12295 3
12296 3
12297 3
12298 3
12299 3
12300 3
12301 3
12302 3
12303 3
12304 3
12305 3
12306 3
12307 3
12308 3
12309 3
12310 3
12311 3
12312 3
12313 3
12314 3
12315 3
12316 3
12317 3
12318 3
12319 3
12320 3
12321 3
12322 3
12323 3
12324 3
12325 3
12326 3
12327 3
12328 3
12329 3
12330 3
12331 3
12332 3
12333 3
12334 3
12335 3
12336 3
12337 3
12338 3
12339 3
12340 3
12341 3
12342 3
12343 3
12344 3
12345 3
12346 3
12347 3
12348 3
12349 3
12350 3
12351 3
12352 3
12353 3
12354 3
12355 3
12356 3
12357 3
12358 3
12359 3
12360 3
12361 3
12362 3
12363 3
12364 3
12365 3
12366 3
12367 3
12368 3
12369 3
12370 3
12371 3
12372 3
12373 3
12374 3
12375 3
12376 3
12377 3
12378 3
12379 3
12380 3
12381 3
12382 3
12383 3
12384 3
12385 3
12386 3
12387 3
12388 3
12389 3
12390 3
12391 3
12392 3
12393 3
12394 3
12395 3
12396 3
12397 3
12398 3
12399 3
12400 3
12401 3
12402 3
12403 3
12404 3
12405 3
12406 3
12407 3
12408 3
12409 3
12410 3
12411 3
12412 3
12413 2
12414 3
12415 3
12416 3
12417 3
12418 3
12419 3
12420 3
12421 3
12422 3
12423 3
12424 3
12425 3
12426 3
12427 3
12428 3
12429 3
12430 3
12431 3
12432 3
12433 3
12434 3
12435 3
12436 3
12437 3
12438 3
12439 3
12440 3
12441 3
12442 3
12443 3
12444 3
12445 3
12446 3
12447 3
12448 3
12449 3
12450 3
12451 3
12452 3
12453 3
12454 3
12455 3
12456 3
12457 3
12458 3
12459 3
12460 3
12461 3
12462 3
12463 3
12464 3
12465 3
12466 3
12467 3
12468 3
12469 3
12470 3
12471 3
12472 3
12473 3
12474 3
12475 3
12476 3
12477 3
12478 3
12479 3
12480 3
12481 3
12482 3
12483 3
12484 3
12485 3
12486 3
12487 3
12488 3
12489 3
12490 3
12491 3
12492 3
12493 3
12494 3
12495 3
12496 3
12497 3
12498 3
12499 3
12500 3
12501 3
12502 3
12503 3
12504 3
12505 3
12506 3
12507 3
12508 3
12509 3
12510 3
12511 3
12512 3
12513 2
12514 3
12515 3
12516 3
12517 3
12518 3
12519 3
12520 3
12521 3
12522 3
12523 3
12524 3
12525 3
12526 3
12527 3
12528 3
12529 3
12530 3
12531 3
12532 3
12533 3
12534 3
12535 3
12536 3
12537 3
12538 3
12539 3
12540 3
12541 3
12542 3
12543 3
12544 3
12545 3
12546 3
12547 3
12548 3
12549 3
12550 3
12551 3
12552 3
12553 3
12554 3
12555 3
12556 3
12557 3
12558 3
12559 3
12560 3
12561 3
12562 3
12563 3
12564 3
12565 3
12566 3
12567 3
12568 3
12569 3
12570 3
12571 3
12572 3
12573 3
12574 3
12575 3
12576 3
12577 3
12578 3
12579 3
12580 3
12581 3
12582 3
12583 3
12584 3
12585 3
12586 3
12587 3
12588 3
12589 2
12590 3
12591 3
12592 3
12593 3
12594 3
12595 3
12596 3
12597 3
12598 3
12599 3
12600 3
12601 3
12602 3
12603 3
12604 3
12605 3
12606 3
12607 3
12608 3
12609 3
12610 2
12611 3
12612 3
12613 3
12614 3
12615 3
12616 3
12617 3
12618 3
12619 3
12620 3
12621 3
12622 3
12623 3
12624 3
12625 3
12626 3
12627 3
12628 3
12629 3
12630 2
12631 3
12632 3
12633 2
12634 2
12635 3
12636 3
12637 3
12638 3
12639 3
12640 3
12641 3
12642 3
12643 3
12644 3
12645 3
12646 3
12647 3
12648 3
12649 3
12650 3
12651 3
12652 3
12653 3
12654 3
12655 3
12656 3
12657 3
12658 3
12659 3
12660 3
12661 3
12662 3
12663 3
12664 3
12665 3
12666 3
12667 3
12668 3
12669 3
12670 3
12671 3
12672 3
12673 3
12674 3
12675 3
12676 3
12677 3
12678 3
12679 3
12680 3
12681 3
12682 3
12683 3
12684 3
12685 3
12686 3
12687 3
12688 3
12689 3
12690 3
12691 2
12692 3
12693 3
12694 3
12695 3
12696 3
12697 3
12698 3
12699 3
12700 3
12701 3
12702 3
12703 3
12704 3
12705 3
12706 3
12707 3
12708 3
12709 3
12710 3
12711 3
12712 3
12713 3
12714 3
12715 3
12716 3
12717 3
12718 3
12719 3
12720 3
12721 3
12722 3
12723 3
12724 3
12725 3
12726 3
12727 3
12728 3
12729 3
12730 2
12731 3
12732 3
12733 3
12734 3
12735 3
12736 3
12737 3
12738 3
12739 3
12740 3
12741 3
12742 3
12743 3
12744 3
12745 3
12746 3
12747 2
12748 3
12749 3
12750 3
12751 3
12752 3
12753 3
12754 3
12755 3
12756 3
12757 3
12758 3
12759 3
12760 3
12761 3
12762 3
12763 3
12764 3
12765 3
12766 3
12767 3
12768 3
12769 3
12770 3
12771 3
12772 3
12773 3
12774 3
12775 3
12776 3
12777 3
12778 3
12779 3
12780 3
12781 3
12782 3
12783 3
12784 3
12785 3
12786 3
12787 3
12788 3
12789 3
12790 3
12791 3
12792 3
12793 3
12794 3
12795 3
12796 3
12797 3
12798 3
12799 3
12800 3
12801 3
12802 3
12803 3
12804 3
12805 3
12806 3
12807 3
12808 3
12809 3
12810 3
12811 3
12812 3
12813 3
12814 3
12815 3
12816 3
12817 3
12818 3
12819 3
12820 3
12821 3
12822 3
12823 3
12824 3
12825 3
12826 3
12827 3
12828 3
12829 3
12830 3
12831 3
12832 3
12833 3
12834 3
12835 3
12836 3
12837 3
12838 3
12839 3
12840 3
12841 3
12842 3
12843 3
12844 3
12845 3
12846 3
12847 3
12848 3
12849 3
12850 3
12851 3
12852 3
12853 3
12854 3
12855 3
12856 3
12857 3
12858 3
12859 3
12860 3
12861 3
12862 3
12863 3
12864 3
12865 3
12866 3
12867 3
12868 3
12869 3
12870 3
12871 3
12872 3
12873 3
12874 3
12875 3
12876 3
12877 3
12878 3
12879 3
12880 3
12881 3
12882 3
12883 3
12884 3
12885 3
12886 3
12887 3
12888 3
12889 3
12890 3
12891 3
12892 3
12893 3
12894 3
12895 3
12896 3
12897 3
12898 3
12899 3
12900 3
12901 3
12902 3
12903 3
12904 3
12905 3
12906 3
12907 3
12908 3
12909 3
12910 3
12911 3
12912 3
12913 3
12914 3
12915 3
12916 3
12917 3
12918 3
12919 3
12920 3
12921 3
12922 3
12923 3
12924 3
12925 3
12926 3
12927 3
12928 3
12929 3
12930 3
12931 3
12932 3
12933 3
12934 3
12935 3
12936 3
12937 3
12938 3
12939 3
12940 3
12941 3
12942 3
12943 3
12944 3
12945 3
12946 3
12947 3
12948 3
12949 3
12950 3
12951 3
12952 3
12953 3
12954 3
12955 3
12956 3
12957 3
12958 3
12959 3
12960 3
12961 3
12962 3
12963 3
12964 3
12965 3
12966 3
12967 3
12968 3
12969 3
12970 3
12971 3
12972 3
12973 3
12974 3
12975 3
12976 3
12977 3
12978 3
12979 3
12980 3
12981 3
12982 3
12983 3
12984 3
12985 3
12986 3
12987 3
12988 3
12989 3
12990 3
12991 3
12992 3
12993 3
12994 3
12995 3
12996 3
12997 3
12998 3
12999 3
13000 3
13001 3
13002 3
13003 3
13004 3
13005 3
13006 3
13007 3
13008 3
13009 3
13010 3
13011 3
13012 3
13013 3
13014 3
13015 3
13016 3
13017 3
13018 3
13019 3
13020 3
13021 3
13022 3
13023 3
13024 3
13025 3
13026 3
13027 3
13028 3
13029 3
13030 3
13031 3
13032 3
13033 3
13034 3
13035 3
13036 3
13037 3
13038 3
13039 3
13040 3
13041 3
13042 3
13043 3
13044 3
13045 3
13046 3
13047 3
13048 3
13049 3
13050 3
13051 3
13052 3
13053 3
13054 3
13055 3
13056 3
13057 3
13058 3
13059 3
13060 3
13061 3
13062 3
13063 3
13064 3
13065 3
13066 3
13067 3
13068 3
13069 3
13070 3
13071 3
13072 3
13073 3
13074 3
13075 3
13076 3
13077 3
13078 3
13079 3
13080 3
13081 3
13082 3
13083 3
13084 3
13085 3
13086 3
13087 3
13088 3
13089 3
13090 3
13091 3
13092 3
13093 3
13094 3
13095 3
13096 3
13097 3
13098 3
13099 3
13100 3
13101 3
13102 3
13103 3
13104 3
13105 3
13106 3
13107 3
13108 3
13109 3
13110 3
13111 3
13112 3
13113 3
13114 3
13115 3
13116 3
13117 3
13118 3
13119 3
13120 3
13121 3
13122 3
13123 3
13124 3
13125 3
13126 3
13127 3
13128 3
13129 3
13130 3
13131 3
13132 3
13133 3
13134 3
13135 3
13136 3
13137 3
13138 3
13139 3
13140 3
13141 3
13142 3
13143 3
13144 3
13145 3
13146 3
13147 3
13148 3
13149 3
13150 3
13151 3
13152 3
13153 3
13154 3
13155 3
13156 3
13157 3
13158 3
13159 3
13160 3
