0 0
1 0
2 1
3 1
4 1
5 1
6 2
7 1
8 2
9 1
10 2
11 1
12 1
13 1
14 1
15 2
16 1
17 2
18 1
19 1
20 3
21 1
22 1
23 3
24 1
25 1
26 2
27 0
28 1
29 0
30 1
31 2
32 1
33 0
34 0
35 1
36 2
37 1
38 1
39 2
40 3
41 2
42 1
43 2
44 3
45 1
46 1
47 2
48 3
49 1
50 1
51 1
52 4
53 1
54 1
55 1
56 4
57 1
58 3
59 2
60 1
61 3
62 2
63 1
64 0
65 0
66 1
67 2
68 2
69 1
70 1
71 1
72 3
73 1
74 1
75 1
76 2
77 1
78 0
79 0
80 1
81 1
82 1
83 3
84 1
85 1
86 0
87 0
88 3
89 1
90 1
91 1
92 1
93 1
94 0
95 1
96 1
97 1
98 2
99 2
100 1
101 2
102 1
103 1
104 1
105 1
106 2
107 2
108 2
109 2
110 4
111 0
112 1
113 2
114 3
115 2
116 1
117 1
118 1
119 2
120 2
121 3
122 1
123 0
124 0
125 1
126 1
127 1
128 1
129 1
130 2
131 1
132 1
133 0
134 0
135 0
136 1
137 3
138 1
139 1
140 1
141 1
142 1
143 2
144 1
145 2
146 1
147 3
148 0
149 0
150 1
151 4
152 0
153 2
154 2
155 1
156 2
157 1
158 3
159 2
160 2
161 1
162 0
163 1
164 1
165 2
166 0
167 1
168 1
169 4
170 1
171 1
172 1
173 0
174 1
175 1
176 2
177 1
178 1
179 1
180 1
181 2
182 1
183 0
184 0
185 0
186 1
187 0
188 1
189 2
190 2
191 3
192 2
193 0
194 0
195 1
196 0
197 2
198 2
199 0
200 3
201 1
202 2
203 1
204 1
205 1
206 1
207 0
208 0
209 1
210 1
211 2
212 1
213 1
214 0
215 0
216 1
217 2
218 1
219 1
220 1
221 3
222 2
223 0
224 1
225 2
226 1
227 1
228 3
229 1
230 2
231 2
232 1
233 0
234 1
235 1
236 1
237 1
238 3
239 0
240 1
241 0
242 1
243 4
244 2
245 1
246 0
247 1
248 0
249 1
250 0
251 1
252 1
253 1
254 0
255 1
256 1
257 1
258 1
259 0
260 2
261 1
262 0
263 1
264 1
265 2
266 1
267 4
268 2
269 1
270 3
271 1
272 1
273 1
274 0
275 2
276 1
277 1
278 0
279 1
280 1
281 1
282 3
283 3
284 1
285 1
286 1
287 1
288 0
289 1
290 1
291 1
292 1
293 1
294 1
295 0
296 1
297 1
298 2
299 2
300 0
301 1
302 0
303 1
304 1
305 1
306 2
307 2
308 0
309 1
310 1
311 1
312 2
313 1
314 1
315 1
316 1
317 1
318 0
319 1
320 1
321 1
322 1
323 0
324 1
325 2
326 1
327 1
328 3
329 1
330 1
331 2
332 1
333 2
334 0
335 0
336 1
337 2
338 1
339 0
340 2
341 4
342 2
343 1
344 3
345 1
346 2
347 1
348 1
349 1
350 2
351 1
352 2
353 1
354 1
355 1
356 1
357 1
358 1
359 0
360 1
361 1
362 1
363 2
364 0
365 4
366 1
367 3
368 1
369 3
370 1
371 1
372 1
373 1
374 0
375 2
376 0
377 1
378 2
379 1
380 1
381 0
382 1
383 1
384 2
385 1
386 1
387 1
388 3
389 1
390 1
391 2
392 1
393 4
394 1
395 1
396 0
397 1
398 1
399 0
400 1
401 1
402 1
403 0
404 2
405 0
406 2
407 1
408 2
409 1
410 3
411 0
412 1
413 0
414 0
415 0
416 3
417 1
418 1
419 0
420 2
421 1
422 1
423 2
424 1
425 2
426 1
427 0
428 1
429 2
430 1
431 0
432 0
433 0
434 1
435 1
436 1
437 1
438 1
439 2
440 1
441 0
442 1
443 1
444 2
445 0
446 3
447 1
448 1
449 1
450 1
451 1
452 3
453 3
454 1
455 4
456 1
457 2
458 1
459 4
460 0
461 0
462 1
463 2
464 1
465 4
466 1
467 1
468 1
469 1
470 1
471 0
472 1
473 2
474 1
475 1
476 2
477 1
478 1
479 1
480 1
481 0
482 0
483 1
484 1
485 0
486 1
487 2
488 1
489 0
490 1
491 1
492 1
493 1
494 1
495 1
496 2
497 1
498 3
499 1
500 0
501 2
502 1
503 0
504 0
505 0
506 1
507 2
508 3
509 1
510 0
511 2
512 3
513 2
514 2
515 1
516 0
517 1
518 1
519 4
520 1
521 2
522 1
523 1
524 3
525 1
526 2
527 2
528 1
529 1
530 1
531 1
532 1
533 1
534 2
535 1
536 1
537 2
538 1
539 0
540 2
541 4
542 3
543 1
544 0
545 2
546 1
547 1
548 0
549 1
550 1
551 1
552 1
553 0
554 0
555 0
556 1
557 0
558 1
559 2
560 0
561 1
562 1
563 1
564 1
565 1
566 1
567 0
568 1
569 2
570 2
571 1
572 1
573 0
574 0
575 4
576 1
577 1
578 1
579 1
580 0
581 1
582 4
583 2
584 0
585 2
586 4
587 2
588 1
589 2
590 0
591 2
592 2
593 1
594 1
595 3
596 0
597 1
598 1
599 1
600 1
601 1
602 0
603 2
604 1
605 1
606 1
607 1
608 0
609 1
610 1
611 3
612 1
613 0
614 2
615 1
616 0
617 2
618 0
619 1
620 2
621 1
622 1
623 0
624 4
625 0
626 2
627 1
628 4
629 1
630 1
631 1
632 1
633 1
634 2
635 2
636 1
637 0
638 1
639 1
640 3
641 1
642 1
643 1
644 2
645 2
646 1
647 1
648 1
649 1
650 1
651 1
652 1
653 1
654 1
655 1
656 0
657 0
658 1
659 0
660 1
661 1
662 1
663 1
664 2
665 1
666 1
667 2
668 1
669 2
670 0
671 1
672 1
673 4
674 2
675 2
676 2
677 1
678 1
679 3
680 1
681 2
682 1
683 1
684 0
685 2
686 1
687 2
688 0
689 2
690 1
691 0
692 1
693 1
694 1
695 3
696 2
697 0
698 1
699 2
700 2
701 1
702 0
703 2
704 1
705 1
706 1
707 1
708 1
709 2
710 2
711 3
712 2
713 1
714 0
715 0
716 1
717 1
718 0
719 1
720 0
721 3
722 1
723 1
724 1
725 0
726 2
727 1
728 0
729 1
730 1
731 2
732 0
733 0
734 3
735 1
736 1
737 1
738 1
739 1
740 1
741 1
742 3
743 1
744 1
745 2
746 1
747 1
748 1
749 1
750 1
751 3
752 3
753 1
754 1
755 1
756 1
757 1
758 2
759 1
760 1
761 4
762 1
763 0
764 2
765 1
766 2
767 1
768 1
769 1
770 2
771 0
772 1
773 1
774 1
775 1
776 2
777 4
778 1
779 1
780 1
781 0
782 0
783 2
784 0
785 2
786 1
787 1
788 3
789 0
790 1
791 1
792 1
793 1
794 2
795 1
796 1
797 2
798 2
799 0
800 2
801 0
802 2
803 1
804 0
805 1
806 3
807 1
808 1
809 3
810 1
811 2
812 3
813 0
814 0
815 0
816 0
817 0
818 1
819 0
820 0
821 1
822 1
823 1
824 1
825 0
826 1
827 1
828 4
829 2
830 0
831 2
832 1
833 3
834 0
835 0
836 1
837 1
838 1
839 1
840 2
841 0
842 0
843 1
844 1
845 1
846 1
847 0
848 0
849 1
850 4
851 1
852 2
853 0
854 2
855 2
856 0
857 0
858 1
859 0
860 0
861 0
862 2
863 2
864 4
865 1
866 2
867 1
868 0
869 1
870 1
871 1
872 1
873 1
874 1
875 1
876 1
877 2
878 1
879 1
880 1
881 1
882 4
883 1
884 1
885 3
886 1
887 1
888 1
889 1
890 0
891 1
892 1
893 0
894 2
895 0
896 1
897 0
898 1
899 1
900 1
901 0
902 1
903 1
904 1
905 1
906 1
907 1
908 1
909 0
910 0
911 4
912 1
913 1
914 0
915 1
916 1
917 0
918 2
919 0
920 1
921 1
922 1
923 2
924 1
925 1
926 0
927 1
928 1
929 1
930 1
931 1
932 0
933 1
934 0
935 1
936 1
937 1
938 1
939 0
940 0
941 1
942 0
943 0
944 1
945 3
946 1
947 1
948 2
949 0
950 1
951 1
952 3
953 1
954 1
955 3
956 1
957 1
958 1
959 2
960 0
961 3
962 0
963 2
964 1
965 1
966 1
967 4
968 0
969 0
970 1
971 1
972 1
973 3
974 1
975 3
976 2
977 2
978 1
979 1
980 1
981 1
982 0
983 1
984 1
985 0
986 0
987 1
988 1
989 1
990 1
991 1
992 0
993 3
994 1
995 0
996 0
997 1
998 1
999 1
1000 3
1001 2
1002 0
1003 2
1004 1
1005 1
1006 1
1007 0
1008 2
1009 1
1010 1
1011 2
1012 4
1013 1
1014 4
1015 1
1016 1
1017 1
1018 2
1019 0
1020 0
1021 1
1022 1
1023 2
1024 1
1025 1
1026 0
1027 1
1028 1
1029 0
1030 1
1031 0
1032 1
1033 0
1034 0
1035 0
1036 1
1037 1
1038 1
1039 1
1040 2
1041 1
1042 1
1043 2
1044 3
1045 0
1046 1
1047 1
1048 1
1049 0
1050 0
1051 0
1052 1
1053 1
1054 1
1055 1
1056 4
1057 1
1058 2
1059 2
1060 1
1061 1
1062 1
1063 1
1064 1
1065 1
1066 2
1067 0
1068 2
1069 0
1070 1
1071 1
1072 4
1073 1
1074 1
1075 2
1076 2
1077 1
1078 1
1079 1
1080 2
1081 3
1082 4
1083 1
1084 0
1085 1
1086 0
1087 0
1088 4
1089 1
1090 0
1091 1
1092 1
1093 1
1094 0
1095 0
1096 0
1097 1
1098 0
1099 3
1100 1
1101 1
1102 1
1103 1
1104 1
1105 1
1106 1
1107 2
1108 0
1109 1
1110 1
1111 1
1112 1
1113 4
1114 0
1115 2
1116 1
1117 1
1118 1
1119 1
1120 1
1121 1
1122 3
1123 1
1124 0
1125 1
1126 0
1127 1
1128 0
1129 0
1130 1
1131 1
1132 1
1133 1
1134 1
1135 1
1136 1
1137 2
1138 0
1139 1
1140 1
1141 0
1142 1
1143 1
1144 1
1145 1
1146 2
1147 0
1148 0
1149 1
1150 1
1151 1
1152 1
1153 1
1154 1
1155 0
1156 0
1157 1
1158 4
1159 0
1160 1
1161 0
1162 1
1163 0
1164 0
1165 1
1166 1
1167 1
1168 1
1169 1
1170 0
1171 1
1172 1
1173 1
1174 1
1175 1
1176 0
1177 1
1178 0
1179 4
1180 1
1181 1
1182 0
1183 1
1184 0
1185 1
1186 1
1187 4
1188 1
1189 1
1190 4
1191 2
1192 1
1193 1
1194 1
1195 2
1196 0
1197 2
1198 1
1199 1
1200 1
1201 1
1202 1
1203 0
1204 1
1205 1
1206 1
1207 0
1208 1
1209 2
1210 1
1211 0
1212 1
1213 1
1214 1
1215 1
1216 1
1217 0
1218 1
1219 1
1220 1
1221 1
1222 1
1223 1
1224 1
1225 0
1226 4
1227 0
1228 2
1229 1
1230 0
1231 0
1232 1
1233 1
1234 1
1235 1
1236 1
1237 4
1238 1
1239 1
1240 1
1241 2
1242 3
1243 2
1244 1
1245 1
1246 2
1247 0
1248 1
1249 1
1250 1
1251 1
1252 1
1253 1
1254 1
1255 0
1256 2
1257 1
1258 1
1259 0
1260 1
1261 0
1262 1
1263 1
1264 0
1265 1
1266 1
1267 1
1268 0
1269 2
1270 0
1271 0
1272 1
1273 1
1274 1
1275 1
1276 1
1277 1
1278 1
1279 0
1280 1
1281 1
1282 0
1283 3
1284 1
1285 2
1286 4
1287 1
1288 0
1289 1
1290 1
1291 1
1292 0
1293 0
1294 1
1295 1
1296 1
1297 1
1298 1
1299 1
1300 0
1301 1
1302 0
1303 1
1304 3
1305 1
1306 1
1307 1
1308 1
1309 3
1310 1
1311 1
1312 1
1313 1
1314 1
1315 0
1316 1
1317 2
1318 1
1319 1
1320 0
1321 1
1322 3
1323 1
1324 0
1325 2
1326 0
1327 1
1328 1
1329 0
1330 1
1331 2
1332 1
1333 0
1334 1
1335 1
1336 1
1337 0
1338 1
1339 0
1340 2
1341 1
1342 1
1343 1
1344 1
1345 0
1346 1
1347 0
1348 1
1349 1
1350 1
1351 1
1352 0
1353 0
1354 1
1355 1
1356 2
1357 2
1358 1
1359 1
1360 0
1361 0
1362 2
1363 1
1364 0
1365 1
1366 1
1367 1
1368 0
1369 1
1370 1
1371 1
1372 1
1373 1
1374 3
1375 0
1376 1
1377 1
1378 1
1379 1
1380 2
1381 0
1382 1
1383 1
1384 1
1385 2
1386 0
1387 2
1388 0
1389 1
1390 1
1391 0
1392 0
1393 0
1394 1
1395 1
1396 1
1397 1
1398 1
1399 1
1400 1
1401 0
1402 1
1403 1
1404 0
1405 1
1406 4
1407 1
1408 1
1409 1
1410 1
1411 1
1412 2
1413 1
1414 4
1415 1
1416 2
1417 1
1418 1
1419 0
1420 2
1421 2
1422 1
1423 0
1424 0
1425 1
1426 1
1427 1
1428 1
1429 0
1430 0
1431 0
1432 0
1433 1
1434 1
1435 0
1436 1
1437 1
1438 1
1439 0
1440 0
1441 1
1442 0
1443 1
1444 0
1445 1
1446 0
1447 1
1448 1
1449 0
1450 2
1451 1
1452 1
1453 2
1454 0
1455 1
1456 1
1457 2
1458 1
1459 0
1460 1
1461 0
1462 0
1463 1
1464 1
1465 1
1466 0
1467 1
1468 1
1469 2
1470 1
1471 1
1472 0
1473 1
1474 1
1475 0
1476 1
1477 2
1478 1
1479 2
1480 1
1481 1
1482 2
1483 1
1484 1
1485 1
1486 2
1487 2
1488 0
1489 0
1490 0
1491 1
1492 0
1493 1
1494 1
1495 1
1496 0
1497 1
1498 2
1499 0
1500 1
1501 2
1502 0
1503 3
1504 1
1505 0
1506 1
1507 0
1508 1
1509 2
1510 2
1511 0
1512 0
1513 1
1514 0
1515 0
1516 1
1517 2
1518 1
1519 1
1520 1
1521 2
1522 1
1523 1
1524 1
1525 0
1526 2
1527 4
1528 0
1529 1
1530 1
1531 1
1532 0
1533 0
1534 1
1535 1
1536 0
1537 2
1538 1
1539 0
1540 1
1541 0
1542 1
1543 1
1544 4
1545 1
1546 2
1547 1
1548 1
1549 4
1550 1
1551 2
1552 1
1553 0
1554 1
1555 0
1556 0
1557 1
1558 2
1559 1
1560 0
1561 2
1562 1
1563 1
1564 3
1565 1
1566 2
1567 1
1568 1
1569 1
1570 0
1571 0
1572 0
1573 0
1574 2
1575 0
1576 2
1577 4
1578 1
1579 2
1580 0
1581 1
1582 1
1583 1
1584 0
1585 1
1586 2
1587 1
1588 1
1589 0
1590 0
1591 1
1592 0
1593 3
1594 1
1595 0
1596 1
1597 1
1598 1
1599 1
1600 2
1601 1
1602 2
1603 1
1604 1
1605 1
1606 0
1607 0
1608 0
1609 0
1610 1
1611 1
1612 3
1613 0
1614 3
1615 2
1616 2
1617 0
1618 1
1619 2
1620 0
1621 1
1622 0
1623 1
1624 2
1625 1
1626 1
1627 0
1628 1
1629 0
1630 1
1631 1
1632 4
1633 0
1634 1
1635 1
1636 1
1637 0
1638 1
1639 0
1640 1
1641 1
1642 0
1643 2
1644 1
1645 1
1646 4
1647 1
1648 1
1649 0
1650 1
1651 2
1652 1
1653 2
1654 1
1655 1
1656 1
1657 0
1658 1
1659 0
1660 1
1661 1
1662 2
1663 1
1664 1
1665 0
1666 0
1667 1
1668 0
1669 0
1670 4
1671 1
1672 1
1673 1
1674 1
1675 1
1676 1
1677 1
1678 0
1679 0
1680 1
1681 1
1682 1
1683 1
1684 0
1685 0
1686 1
1687 0
1688 1
1689 3
1690 2
1691 1
1692 0
1693 0
1694 1
1695 1
1696 4
1697 1
1698 0
1699 1
1700 4
1701 1
1702 1
1703 1
1704 0
1705 2
1706 1
1707 4
1708 0
1709 1
1710 0
1711 1
1712 1
1713 2
1714 1
1715 1
1716 0
1717 3
1718 1
1719 1
1720 1
1721 1
1722 1
1723 1
1724 1
1725 1
1726 1
1727 3
1728 1
1729 1
1730 1
1731 1
1732 0
1733 0
1734 0
1735 1
1736 1
1737 0
1738 0
1739 1
1740 0
1741 0
1742 1
1743 1
1744 1
1745 1
1746 1
1747 3
1748 0
1749 1
1750 1
1751 0
1752 0
1753 2
1754 0
1755 1
1756 0
1757 0
1758 4
1759 1
1760 1
1761 2
1762 1
1763 1
1764 0
1765 1
1766 1
1767 1
1768 1
1769 1
1770 1
1771 0
1772 1
1773 3
1774 1
1775 0
1776 2
1777 1
1778 2
1779 1
1780 1
1781 2
1782 3
1783 2
1784 0
1785 4
1786 0
1787 0
1788 2
1789 0
1790 4
1791 1
1792 2
1793 1
1794 1
1795 1
1796 1
1797 0
1798 3
1799 1
1800 0
1801 1
1802 1
1803 0
1804 2
1805 2
1806 1
1807 0
1808 1
1809 0
1810 2
1811 2
1812 0
1813 4
1814 1
1815 4
1816 1
1817 1
1818 0
1819 2
1820 1
1821 1
1822 1
1823 1
1824 3
1825 1
1826 2
1827 0
1828 0
1829 0
1830 1
1831 0
1832 0
1833 0
1834 0
1835 1
1836 1
1837 1
1838 3
1839 2
1840 0
1841 1
1842 1
1843 1
1844 1
1845 1
1846 1
1847 1
1848 1
1849 1
1850 1
1851 2
1852 1
1853 0
1854 0
1855 1
1856 0
1857 1
1858 0
1859 0
1860 0
1861 0
1862 2
1863 1
1864 1
1865 0
1866 1
1867 0
1868 0
1869 4
1870 1
1871 1
1872 0
1873 4
1874 1
1875 0
1876 0
1877 1
1878 4
1879 0
1880 0
1881 1
1882 0
1883 1
1884 1
1885 1
1886 1
1887 1
1888 1
1889 0
1890 1
1891 0
1892 0
1893 0
1894 1
1895 0
1896 1
1897 1
1898 1
1899 1
1900 1
1901 0
1902 1
1903 0
1904 0
1905 1
1906 1
1907 0
1908 1
1909 2
1910 2
1911 4
1912 0
1913 0
1914 0
1915 1
1916 0
1917 3
1918 2
1919 3
1920 0
1921 0
1922 2
1923 1
1924 1
1925 1
1926 0
1927 0
1928 0
1929 1
1930 0
1931 1
1932 1
1933 2
1934 0
1935 0
1936 0
1937 1
1938 2
1939 0
1940 1
1941 1
1942 1
1943 0
1944 0
1945 0
1946 1
1947 1
1948 0
1949 0
1950 1
1951 3
1952 4
1953 0
1954 1
1955 0
1956 1
1957 0
1958 0
1959 1
1960 1
1961 1
1962 0
1963 1
1964 1
1965 0
1966 1
1967 1
1968 1
1969 1
1970 0
1971 1
1972 0
1973 2
1974 0
1975 2
1976 1
1977 1
1978 0
1979 1
1980 0
1981 1
1982 0
1983 1
1984 1
1985 1
1986 4
1987 1
1988 1
1989 1
1990 1
1991 0
1992 1
1993 0
1994 1
1995 2
1996 1
1997 1
1998 0
1999 2
2000 0
2001 0
2002 1
2003 1
2004 0
2005 0
2006 1
2007 3
2008 1
2009 0
2010 1
2011 2
2012 2
2013 0
2014 2
2015 3
2016 1
2017 0
2018 1
2019 1
2020 2
2021 0
2022 1
2023 1
2024 1
2025 0
2026 1
2027 0
2028 0
2029 1
2030 1
2031 1
2032 0
2033 1
2034 0
2035 2
2036 0
2037 0
2038 0
2039 0
2040 1
2041 1
2042 0
2043 0
2044 1
2045 0
2046 0
2047 1
2048 1
2049 0
2050 1
2051 1
2052 0
2053 0
2054 0
2055 1
2056 2
2057 1
2058 1
2059 0
2060 1
2061 3
2062 1
2063 1
2064 1
2065 1
2066 1
2067 1
2068 0
2069 3
2070 1
2071 0
2072 1
2073 0
2074 1
2075 0
2076 1
2077 0
2078 0
2079 1
2080 1
2081 1
2082 1
2083 2
2084 3
2085 0
2086 2
2087 0
2088 1
2089 1
2090 1
2091 1
2092 1
2093 1
2094 1
2095 2
2096 1
2097 1
2098 1
2099 1
2100 1
2101 1
2102 0
2103 1
2104 0
2105 1
2106 1
2107 1
2108 2
2109 1
2110 1
2111 0
2112 4
2113 0
2114 2
2115 1
2116 0
2117 1
2118 1
2119 0
2120 0
2121 1
2122 0
2123 0
2124 1
2125 0
2126 1
2127 0
2128 0
2129 1
2130 0
2131 2
2132 2
2133 1
2134 0
2135 1
2136 1
2137 1
2138 0
2139 1
2140 0
2141 1
2142 1
2143 2
2144 0
2145 1
2146 1
2147 1
2148 0
2149 0
2150 1
2151 1
2152 1
2153 2
2154 0
2155 0
2156 1
2157 0
2158 1
2159 0
2160 1
2161 1
2162 0
2163 1
2164 0
2165 1
2166 1
2167 1
2168 1
2169 0
2170 1
2171 1
2172 1
2173 1
2174 1
2175 1
2176 1
2177 1
2178 1
2179 2
2180 1
2181 1
2182 1
2183 1
2184 2
2185 1
2186 4
2187 1
2188 0
2189 2
2190 1
2191 2
2192 1
2193 1
2194 1
2195 0
2196 0
2197 1
2198 1
2199 0
2200 0
2201 1
2202 1
2203 0
2204 1
2205 0
2206 1
2207 0
2208 1
2209 1
2210 0
2211 0
2212 1
2213 3
2214 1
2215 2
2216 0
2217 0
2218 0
2219 1
2220 0
2221 1
2222 3
2223 1
2224 1
2225 1
2226 3
2227 2
2228 1
2229 1
2230 1
2231 1
2232 1
2233 1
2234 1
2235 1
2236 0
2237 1
2238 1
2239 0
2240 1
2241 3
2242 1
2243 4
2244 1
2245 1
2246 1
2247 1
2248 2
2249 1
2250 0
2251 0
2252 0
2253 0
2254 1
2255 1
2256 0
2257 1
2258 3
2259 1
2260 0
2261 1
2262 0
2263 0
2264 1
2265 0
2266 1
2267 1
2268 1
2269 1
2270 1
2271 1
2272 0
2273 0
2274 1
2275 0
2276 0
2277 0
2278 1
2279 1
2280 2
2281 2
2282 1
2283 1
2284 1
2285 1
2286 2
2287 1
2288 1
2289 1
2290 1
2291 0
2292 1
2293 0
2294 4
2295 0
2296 1
2297 0
2298 1
2299 0
2300 1
2301 2
2302 1
2303 1
2304 0
2305 1
2306 1
2307 1
2308 1
2309 1
2310 0
2311 0
2312 1
2313 1
2314 1
2315 0
2316 1
2317 1
2318 0
2319 0
2320 0
2321 2
2322 1
2323 0
2324 1
2325 0
2326 1
2327 3
2328 0
2329 0
2330 1
2331 1
2332 0
2333 0
2334 2
2335 1
2336 1
2337 0
2338 1
2339 1
2340 0
2341 1
2342 2
2343 1
2344 0
2345 0
2346 1
2347 2
2348 1
2349 1
2350 0
2351 0
2352 0
2353 1
2354 1
2355 1
2356 1
2357 0
2358 0
2359 0
2360 1
2361 1
2362 1
2363 1
2364 1
2365 1
2366 1
2367 1
2368 1
2369 1
2370 0
2371 0
2372 1
2373 1
2374 1
2375 0
2376 0
2377 1
2378 4
2379 1
2380 0
2381 2
2382 1
2383 1
2384 1
2385 1
2386 0
2387 1
2388 1
2389 1
2390 1
2391 1
2392 0
2393 1
2394 2
2395 1
2396 0
2397 1
2398 0
2399 4
2400 1
2401 1
2402 1
2403 1
2404 1
2405 1
2406 1
2407 1
2408 0
2409 1
2410 0
2411 0
2412 1
2413 2
2414 1
2415 1
2416 1
2417 3
2418 1
2419 1
2420 0
2421 1
2422 0
2423 1
2424 0
2425 0
2426 0
2427 0
2428 1
2429 0
2430 1
2431 0
2432 3
2433 3
2434 0
2435 0
2436 1
2437 1
2438 1
2439 1
2440 1
2441 2
2442 1
2443 1
2444 1
2445 1
2446 1
2447 0
2448 1
2449 1
2450 1
2451 1
2452 0
2453 1
2454 1
2455 0
2456 1
2457 1
2458 1
2459 1
2460 0
2461 0
2462 1
2463 0
2464 1
2465 0
2466 0
2467 1
2468 1
2469 1
2470 1
2471 0
2472 1
2473 1
2474 0
2475 0
2476 0
2477 1
2478 1
2479 0
2480 1
2481 1
2482 1
2483 1
2484 0
2485 1
2486 1
2487 0
2488 0
2489 0
2490 1
2491 1
2492 0
2493 1
2494 1
2495 1
2496 0
2497 0
2498 1
2499 0
2500 3
2501 1
2502 1
2503 0
2504 1
2505 0
2506 1
2507 0
2508 1
2509 1
2510 0
2511 1
2512 0
2513 0
2514 0
2515 1
2516 1
2517 0
2518 1
2519 1
2520 0
2521 1
2522 1
2523 1
2524 1
2525 1
2526 1
2527 0
2528 1
2529 0
2530 1
2531 1
2532 0
2533 0
2534 1
2535 2
2536 0
2537 0
2538 1
2539 1
2540 0
2541 0
2542 0
2543 1
2544 1
2545 3
2546 1
2547 0
2548 2
2549 0
2550 0
2551 4
2552 1
2553 1
2554 0
2555 1
2556 0
2557 1
2558 1
2559 0
2560 1
2561 1
2562 1
2563 1
2564 1
2565 0
2566 0
2567 1
2568 1
2569 1
2570 0
2571 0
2572 0
2573 1
2574 0
2575 0
2576 1
2577 1
2578 1
2579 0
2580 1
2581 1
2582 2
2583 0
2584 0
2585 1
2586 0
2587 1
2588 1
2589 1
2590 0
2591 3
2592 1
2593 4
2594 1
2595 1
2596 1
2597 0
2598 0
2599 1
2600 0
2601 0
2602 1
2603 1
2604 1
2605 0
2606 0
2607 1
2608 1
2609 3
2610 0
2611 0
2612 0
2613 0
2614 1
2615 1
2616 1
2617 1
2618 1
2619 1
2620 2
2621 1
2622 1
2623 3
2624 0
2625 0
2626 1
2627 1
2628 0
2629 0
2630 1
2631 1
2632 1
2633 1
2634 1
2635 2
2636 1
2637 0
2638 1
2639 1
2640 1
2641 0
2642 1
2643 1
2644 0
2645 1
2646 1
2647 1
2648 1
2649 1
2650 1
2651 0
2652 1
2653 0
2654 0
2655 1
2656 1
2657 1
2658 1
2659 4
2660 0
2661 0
2662 0
2663 1
2664 0
2665 0
2666 1
2667 2
2668 1
2669 0
2670 1
2671 1
2672 1
2673 1
2674 0
2675 0
2676 1
2677 3
2678 3
2679 1
2680 1
2681 0
2682 0
2683 0
2684 1
2685 1
2686 1
2687 3
2688 1
2689 1
2690 1
2691 0
2692 0
2693 1
2694 1
2695 0
2696 1
2697 0
2698 1
2699 0
2700 1
2701 1
2702 1
2703 1
2704 0
2705 0
2706 0
2707 1
2708 0
2709 0
2710 0
2711 1
2712 1
2713 0
2714 1
2715 1
2716 0
2717 0
2718 1
2719 1
2720 1
2721 1
2722 0
2723 1
2724 1
2725 1
2726 1
2727 0
2728 1
2729 0
2730 1
2731 1
2732 1
2733 1
2734 1
2735 1
2736 0
2737 1
2738 1
2739 0
2740 1
2741 1
2742 2
2743 1
2744 1
2745 1
2746 1
2747 1
2748 2
2749 0
2750 0
2751 0
2752 0
2753 1
2754 1
2755 2
2756 1
2757 1
2758 1
2759 1
2760 1
2761 2
2762 0
2763 0
2764 1
2765 1
2766 0
2767 0
2768 1
2769 0
2770 1
2771 1
2772 0
2773 0
2774 0
2775 0
2776 1
2777 0
2778 0
2779 1
2780 1
2781 0
2782 0
2783 1
2784 0
2785 1
2786 1
2787 1
2788 0
2789 1
2790 1
2791 1
2792 0
2793 1
2794 0
2795 1
2796 0
2797 0
2798 1
2799 1
2800 0
2801 1
2802 1
2803 1
2804 1
2805 1
2806 1
2807 1
2808 1
2809 0
2810 1
2811 1
2812 1
2813 1
2814 0
2815 1
2816 1
2817 1
2818 1
2819 1
2820 0
2821 1
2822 1
2823 1
2824 1
2825 0
2826 1
2827 0
2828 1
2829 1
2830 1
2831 1
2832 0
2833 1
2834 0
2835 1
2836 1
2837 3
2838 0
2839 1
2840 1
2841 1
2842 1
2843 1
2844 1
2845 1
2846 1
2847 0
2848 0
2849 1
2850 1
2851 0
2852 0
2853 0
2854 1
2855 0
2856 1
2857 3
2858 1
2859 1
2860 3
2861 1
2862 0
2863 1
2864 0
2865 1
2866 1
2867 1
2868 1
2869 0
2870 0
2871 1
2872 0
2873 0
2874 0
2875 0
2876 1
2877 1
2878 1
2879 1
2880 1
2881 1
2882 1
2883 0
2884 0
2885 1
2886 0
2887 1
2888 0
2889 0
2890 1
2891 1
2892 0
2893 0
2894 0
2895 1
2896 0
2897 1
2898 4
2899 1
2900 1
2901 0
2902 1
2903 0
2904 1
2905 1
2906 2
2907 1
2908 0
2909 0
2910 1
2911 0
2912 1
2913 1
2914 1
2915 1
2916 1
2917 0
2918 0
2919 0
2920 0
2921 0
2922 0
2923 1
2924 0
2925 0
2926 1
2927 1
2928 1
2929 1
2930 0
2931 1
2932 1
2933 1
2934 1
2935 1
2936 1
2937 0
2938 1
2939 0
2940 0
2941 0
2942 1
2943 1
2944 1
2945 1
2946 0
2947 1
2948 0
2949 1
2950 0
2951 0
2952 1
2953 1
2954 0
2955 1
2956 1
2957 1
2958 0
2959 1
2960 1
2961 0
2962 0
2963 0
2964 1
2965 1
2966 0
2967 0
2968 0
2969 0
2970 0
2971 1
2972 0
2973 0
2974 1
2975 1
2976 0
2977 1
2978 0
2979 1
2980 1
2981 1
2982 0
2983 1
2984 0
2985 0
2986 0
2987 0
2988 0
2989 1
2990 0
2991 0
2992 1
2993 0
2994 1
2995 1
2996 0
2997 1
2998 1
2999 1
3000 1
3001 1
3002 1
3003 1
3004 1
3005 1
3006 1
3007 0
3008 0
3009 0
3010 1
3011 1
3012 0
3013 0
3014 3
3015 0
3016 1
3017 1
3018 1
3019 1
3020 0
3021 0
3022 1
3023 0
3024 1
3025 0
3026 0
3027 1
3028 1
3029 0
3030 0
3031 0
3032 0
3033 1
3034 1
3035 2
3036 0
3037 0
3038 0
3039 0
3040 1
3041 1
3042 1
3043 1
3044 0
3045 0
3046 0
3047 0
3048 0
3049 1
3050 2
3051 1
3052 1
3053 1
3054 1
3055 0
3056 1
3057 0
3058 1
3059 1
3060 1
3061 0
3062 1
3063 2
3064 1
3065 2
3066 1
3067 1
3068 1
3069 1
3070 1
3071 0
3072 1
3073 1
3074 1
3075 1
3076 1
3077 1
3078 1
3079 0
3080 1
3081 0
3082 0
3083 0
3084 0
3085 1
3086 0
3087 1
3088 1
3089 0
3090 4
3091 0
3092 0
3093 0
3094 1
3095 0
3096 1
3097 0
3098 1
3099 1
3100 1
3101 1
3102 1
3103 2
3104 1
3105 1
3106 0
3107 1
3108 0
3109 0
3110 1
3111 0
3112 1
3113 1
3114 0
3115 0
3116 1
3117 0
3118 1
3119 1
3120 1
3121 1
3122 1
3123 1
3124 1
3125 0
3126 1
3127 0
3128 1
3129 0
3130 0
3131 1
3132 1
3133 1
3134 1
3135 1
3136 1
3137 1
3138 1
3139 1
3140 0
3141 1
3142 0
3143 1
3144 0
3145 1
3146 0
3147 1
3148 0
3149 1
3150 1
3151 0
3152 1
3153 1
3154 0
3155 0
3156 1
3157 0
3158 0
3159 1
3160 1
3161 1
3162 1
3163 0
3164 1
3165 1
3166 1
3167 1
3168 1
3169 1
3170 1
3171 1
3172 0
3173 1
3174 0
3175 1
3176 1
3177 1
3178 1
3179 0
3180 0
3181 0
3182 1
3183 1
3184 0
3185 1
3186 1
3187 0
3188 1
3189 1
3190 0
3191 1
3192 0
3193 1
3194 1
3195 1
3196 1
3197 1
3198 0
3199 0
3200 1
3201 1
3202 1
3203 1
3204 1
3205 1
3206 1
3207 1
3208 0
3209 0
3210 0
3211 0
3212 1
3213 1
3214 1
3215 0
3216 1
3217 1
3218 1
3219 1
3220 1
3221 1
3222 1
3223 1
3224 1
3225 0
3226 1
3227 0
3228 1
3229 0
3230 0
3231 1
3232 1
3233 1
3234 1
3235 1
3236 0
3237 1
3238 0
3239 0
3240 1
3241 0
3242 1
3243 1
3244 0
3245 1
3246 1
3247 0
3248 0
3249 0
3250 0
3251 1
3252 1
3253 1
3254 1
3255 0
3256 1
3257 1
3258 0
3259 0
3260 1
3261 0
3262 0
3263 1
3264 1
3265 0
3266 0
3267 1
3268 1
3269 0
3270 0
3271 1
3272 1
3273 0
3274 0
3275 1
3276 0
3277 0
3278 3
3279 0
3280 1
3281 1
3282 1
3283 1
3284 1
3285 0
3286 0
3287 1
3288 0
3289 0
3290 1
3291 1
3292 1
3293 0
3294 0
3295 0
3296 1
3297 1
3298 0
3299 1
3300 1
3301 0
3302 1
3303 0
3304 1
3305 0
3306 1
3307 1
3308 0
3309 1
3310 1
3311 0
3312 1
3313 1
3314 1
3315 0
3316 1
3317 1
3318 1
3319 0
3320 0
3321 1
3322 0
3323 0
3324 0
3325 1
3326 1
3327 1
3328 1
3329 0
3330 0
3331 3
3332 0
3333 0
3334 1
3335 1
3336 1
3337 0
3338 1
3339 0
3340 1
3341 0
3342 0
3343 1
3344 0
3345 1
3346 1
3347 0
3348 0
3349 1
3350 0
3351 1
3352 0
3353 0
3354 0
3355 0
3356 0
3357 0
3358 0
3359 0
3360 0
3361 1
3362 1
3363 1
3364 1
3365 0
3366 0
3367 1
3368 0
3369 1
3370 1
3371 0
3372 0
3373 0
3374 1
3375 1
3376 0
3377 0
3378 0
3379 0
3380 0
3381 1
3382 0
3383 1
3384 0
3385 1
3386 1
3387 0
3388 0
3389 1
3390 1
3391 0
3392 0
3393 1
3394 1
3395 0
3396 1
3397 0
3398 0
3399 1
3400 1
3401 0
3402 1
3403 0
3404 0
3405 0
3406 1
3407 0
3408 0
3409 0
3410 0
3411 0
3412 1
3413 0
3414 0
3415 0
3416 0
3417 0
3418 0
3419 0
3420 0
3421 0
3422 0
3423 0
3424 1
3425 0
3426 0
3427 0
3428 0
3429 0
3430 0
3431 0
3432 0
3433 0
3434 1
3435 1
3436 1
3437 0
3438 1
3439 1
3440 0
3441 1
3442 0
3443 1
3444 1
3445 1
3446 0
3447 0
3448 0
3449 0
3450 0
3451 1
3452 1
3453 1
3454 0
3455 1
3456 0
3457 0
3458 0
3459 0
3460 1
3461 0
3462 1
3463 0
3464 0
3465 0
3466 0
3467 1
3468 1
3469 1
3470 0
3471 0
3472 0
3473 0
3474 0
3475 1
3476 0
3477 0
3478 1
3479 0
3480 0
3481 0
3482 1
3483 1
3484 1
3485 0
3486 1
3487 0
3488 0
3489 1
3490 1
3491 1
3492 0
3493 1
3494 1
3495 1
3496 0
3497 0
3498 1
3499 1
3500 0
3501 1
3502 0
3503 0
3504 1
3505 0
3506 1
3507 1
3508 0
3509 1
3510 1
3511 1
3512 0
3513 1
3514 0
3515 1
3516 1
3517 1
3518 0
3519 1
3520 1
3521 0
3522 1
3523 0
3524 1
3525 1
3526 1
3527 0
3528 1
3529 1
3530 0
3531 0
3532 1
3533 0
3534 1
3535 0
3536 0
3537 1
3538 1
3539 1
3540 1
3541 0
3542 0
3543 1
3544 0
3545 0
3546 1
3547 1
3548 0
3549 1
3550 0
3551 0
3552 0
3553 0
3554 0
3555 1
3556 1
3557 1
3558 1
3559 0
3560 1
3561 1
3562 0
3563 1
3564 0
3565 0
3566 1
3567 0
3568 0
3569 1
3570 1
3571 0
3572 1
3573 1
3574 0
3575 0
3576 1
3577 1
3578 3
3579 0
3580 0
3581 1
3582 1
3583 1
3584 1
3585 1
3586 1
3587 0
3588 1
3589 1
3590 0
3591 1
3592 0
3593 1
3594 1
3595 1
3596 0
3597 1
3598 0
3599 0
3600 0
3601 0
3602 0
3603 0
3604 1
3605 1
3606 0
3607 1
3608 1
3609 3
3610 0
3611 1
3612 1
3613 0
3614 1
3615 0
3616 1
3617 1
3618 1
3619 0
3620 0
3621 0
3622 0
3623 0
3624 1
3625 0
3626 0
3627 1
3628 1
3629 0
3630 0
3631 0
3632 1
3633 1
3634 0
3635 0
3636 1
3637 0
3638 0
3639 0
3640 0
3641 0
3642 0
3643 0
3644 1
3645 1
3646 0
3647 1
3648 0
3649 0
3650 0
3651 0
3652 0
3653 0
3654 0
3655 0
3656 0
3657 1
3658 0
3659 0
3660 1
3661 0
3662 1
3663 1
3664 1
3665 1
3666 0
3667 1
3668 0
3669 1
3670 0
3671 1
3672 1
3673 0
3674 0
3675 0
3676 1
3677 0
3678 1
3679 0
3680 0
3681 0
3682 2
3683 1
3684 0
3685 1
3686 1
3687 0
3688 0
3689 0
3690 0
3691 0
3692 0
3693 1
3694 0
3695 0
3696 1
3697 0
3698 1
3699 1
3700 1
3701 2
3702 1
3703 0
3704 0
3705 1
3706 0
3707 1
3708 1
3709 1
3710 0
3711 0
3712 1
3713 0
3714 0
3715 1
3716 1
3717 0
3718 1
3719 0
3720 1
3721 0
3722 0
3723 0
3724 1
3725 0
3726 0
3727 0
3728 1
3729 0
3730 1
3731 0
3732 0
3733 0
3734 1
3735 1
3736 1
3737 1
3738 1
3739 1
3740 0
3741 0
3742 1
3743 1
3744 1
3745 1
3746 1
3747 1
3748 0
3749 0
3750 0
3751 0
3752 0
3753 0
3754 1
3755 0
3756 0
3757 1
3758 1
3759 0
3760 1
3761 0
3762 0
3763 0
3764 1
3765 0
3766 1
3767 1
3768 0
3769 1
3770 0
3771 1
3772 0
3773 1
3774 1
3775 0
3776 1
3777 1
3778 0
3779 1
3780 0
3781 0
3782 1
3783 0
3784 1
3785 0
3786 0
3787 1
3788 0
3789 1
3790 1
3791 0
3792 1
3793 0
3794 0
3795 0
3796 1
3797 1
3798 1
3799 1
3800 0
3801 1
3802 1
3803 1
3804 1
3805 0
3806 0
3807 0
3808 1
3809 1
3810 1
3811 0
3812 0
3813 1
3814 0
3815 0
3816 0
3817 0
3818 1
3819 0
3820 0
3821 0
3822 0
3823 0
3824 0
3825 1
3826 1
3827 0
3828 1
3829 1
3830 1
3831 1
3832 0
3833 1
3834 1
3835 1
3836 0
3837 0
3838 0
3839 0
3840 0
3841 1
3842 0
3843 0
3844 1
3845 0
3846 1
3847 0
3848 0
3849 1
3850 0
3851 0
3852 0
3853 0
3854 1
3855 0
3856 1
3857 0
3858 0
3859 0
3860 0
3861 1
3862 1
3863 0
3864 1
3865 0
3866 0
3867 1
3868 0
3869 1
3870 1
3871 0
3872 0
3873 1
3874 1
3875 1
3876 0
3877 1
3878 0
3879 0
3880 1
3881 1
3882 1
3883 0
3884 1
3885 0
3886 0
3887 0
3888 1
3889 0
3890 1
3891 0
3892 1
3893 0
3894 0
3895 0
3896 1
3897 1
3898 0
3899 1
3900 0
3901 0
3902 1
3903 1
3904 1
3905 1
3906 1
3907 0
3908 1
3909 1
3910 0
3911 1
3912 0
3913 0
3914 0
3915 1
3916 1
3917 1
3918 1
3919 1
3920 1
3921 0
3922 0
3923 1
3924 1
3925 0
3926 0
3927 0
3928 0
3929 1
3930 1
3931 0
3932 0
3933 1
3934 0
3935 1
3936 0
3937 0
3938 0
3939 0
3940 0
3941 1
3942 0
3943 0
3944 0
3945 1
3946 1
3947 0
3948 1
3949 1
3950 0
3951 1
3952 0
3953 0
3954 0
3955 0
3956 0
3957 1
3958 0
3959 1
3960 1
3961 1
3962 1
3963 0
3964 0
3965 0
3966 0
3967 1
3968 1
3969 0
3970 1
3971 1
3972 1
3973 1
3974 0
3975 1
3976 0
3977 0
3978 1
3979 0
3980 0
3981 0
3982 1
3983 1
3984 0
3985 1
3986 1
3987 0
3988 1
3989 0
3990 0
3991 1
3992 0
3993 0
3994 1
3995 1
3996 0
3997 0
3998 0
3999 1
4000 0
4001 0
4002 1
4003 0
4004 0
4005 0
4006 0
4007 0
4008 1
4009 0
4010 1
4011 0
4012 0
4013 0
4014 0
4015 0
4016 1
4017 0
4018 0
4019 0
4020 0
4021 0
4022 1
4023 1
4024 0
4025 1
4026 0
4027 1
4028 1
4029 1
4030 0
4031 1
4032 1
4033 1
4034 1
4035 1
4036 1
4037 0
4038 0
4039 0
4040 0
4041 0
4042 1
4043 0
4044 1
4045 0
4046 0
4047 0
4048 1
4049 1
4050 0
4051 0
4052 1
4053 0
4054 0
4055 0
4056 1
4057 1
4058 1
4059 1
4060 0
4061 0
4062 0
4063 0
4064 1
4065 0
4066 0
4067 1
4068 0
4069 1
4070 0
4071 0
4072 1
4073 0
4074 0
4075 0
4076 0
4077 1
4078 0
4079 0
4080 1
4081 0
4082 0
4083 0
4084 0
4085 1
4086 1
4087 0
4088 0
4089 0
4090 1
4091 1
4092 0
4093 1
4094 0
4095 0
4096 1
4097 0
4098 0
4099 0
4100 1
4101 1
4102 0
4103 1
4104 1
4105 0
4106 0
4107 1
4108 0
4109 1
4110 1
4111 1
4112 0
4113 1
4114 1
4115 1
4116 1
4117 0
4118 1
4119 1
4120 0
4121 0
4122 1
4123 0
4124 0
4125 0
4126 0
4127 0
4128 1
4129 0
4130 1
4131 0
4132 0
4133 1
4134 0
4135 0
4136 1
4137 0
4138 1
4139 0
4140 0
4141 0
4142 1
4143 0
4144 1
4145 1
4146 1
4147 1
4148 0
4149 1
4150 1
4151 0
4152 0
4153 1
4154 0
4155 0
4156 1
4157 0
4158 1
4159 1
4160 1
4161 0
4162 0
4163 0
4164 1
4165 0
4166 1
4167 0
4168 1
4169 0
4170 1
4171 0
4172 1
4173 0
4174 0
4175 1
4176 0
4177 0
4178 0
4179 0
4180 1
4181 0
4182 0
4183 0
4184 0
4185 0
4186 1
4187 0
4188 0
4189 1
4190 0
4191 0
4192 1
4193 0
4194 1
4195 0
4196 1
4197 0
4198 0
4199 0
4200 0
4201 0
4202 1
4203 0
4204 0
4205 1
4206 1
4207 1
4208 1
4209 0
4210 1
4211 0
4212 0
4213 1
4214 0
4215 1
4216 0
4217 0
4218 0
4219 0
4220 0
4221 0
4222 0
4223 1
4224 1
4225 0
4226 0
4227 0
4228 1
4229 0
4230 1
4231 0
4232 1
4233 1
4234 0
4235 0
4236 0
4237 0
4238 0
4239 0
4240 0
4241 1
4242 1
4243 1
4244 0
4245 1
4246 0
4247 1
4248 0
4249 0
4250 0
4251 0
4252 0
4253 0
4254 1
4255 0
4256 0
4257 0
4258 0
4259 1
4260 0
4261 1
4262 0
4263 0
4264 0
4265 0
4266 1
4267 1
4268 1
4269 1
4270 0
4271 0
4272 0
4273 0
4274 0
4275 0
4276 0
4277 0
4278 1
4279 0
4280 1
4281 1
4282 1
4283 0
4284 0
4285 0
4286 1
4287 1
4288 1
4289 0
4290 1
4291 1
4292 0
4293 0
4294 1
4295 0
4296 0
4297 0
4298 1
4299 1
4300 1
4301 1
4302 1
4303 1
4304 0
4305 1
4306 0
4307 1
4308 1
4309 0
4310 1
4311 0
4312 0
4313 0
4314 1
4315 0
4316 0
4317 0
4318 0
4319 0
4320 0
4321 0
4322 0
4323 1
4324 0
4325 1
4326 0
4327 0
4328 1
4329 0
4330 0
4331 0
4332 0
4333 0
4334 0
4335 0
4336 0
4337 0
4338 0
4339 0
4340 0
4341 1
4342 1
4343 0
4344 0
4345 0
4346 1
4347 1
4348 1
4349 0
4350 0
4351 0
4352 0
4353 0
4354 0
4355 0
4356 0
4357 0
4358 1
4359 1
4360 0
4361 0
4362 0
4363 1
4364 0
4365 0
4366 0
4367 1
4368 1
4369 0
4370 1
4371 0
4372 0
4373 1
4374 0
4375 0
4376 1
4377 0
4378 0
4379 0
4380 1
4381 1
4382 0
4383 1
4384 1
4385 0
4386 1
4387 0
4388 0
4389 0
4390 1
4391 0
4392 1
4393 0
4394 0
4395 1
4396 0
4397 1
4398 0
4399 0
4400 1
4401 0
4402 0
4403 0
4404 0
4405 0
4406 0
4407 0
4408 0
4409 0
4410 1
4411 1
4412 0
4413 0
4414 0
4415 1
4416 1
4417 1
4418 0
4419 1
4420 0
4421 0
4422 1
4423 0
4424 0
4425 0
4426 0
4427 0
4428 0
4429 0
4430 0
4431 0
4432 1
4433 0
4434 0
4435 0
4436 0
4437 0
4438 0
4439 0
4440 0
4441 1
4442 0
4443 0
4444 1
4445 1
4446 1
4447 0
4448 1
4449 0
4450 1
4451 0
4452 0
4453 0
4454 1
4455 0
4456 1
4457 0
4458 0
4459 0
4460 0
4461 0
4462 0
4463 0
4464 0
4465 0
4466 0
4467 0
4468 1
4469 0
4470 1
4471 0
4472 1
4473 0
4474 0
4475 0
4476 0
4477 0
4478 1
4479 0
4480 0
4481 0
4482 1
4483 0
4484 1
4485 0
4486 1
4487 1
4488 1
4489 1
4490 0
4491 0
4492 0
4493 0
4494 0
4495 1
4496 0
4497 0
4498 1
4499 0
4500 0
4501 1
4502 0
4503 0
4504 0
4505 1
4506 1
4507 1
4508 0
4509 1
4510 1
4511 0
4512 0
4513 1
4514 1
4515 0
4516 0
4517 1
4518 0
4519 1
4520 0
4521 0
4522 0
4523 0
4524 0
4525 0
4526 0
4527 1
4528 0
4529 1
4530 0
4531 0
4532 0
4533 1
4534 0
4535 1
4536 1
4537 1
4538 1
4539 1
4540 1
4541 0
4542 0
4543 0
4544 1
4545 0
4546 0
4547 1
4548 1
4549 1
4550 0
4551 0
4552 0
4553 0
4554 0
4555 1
4556 0
4557 1
4558 0
4559 1
4560 0
4561 1
4562 0
4563 0
4564 1
4565 0
4566 1
4567 1
4568 1
4569 1
4570 0
4571 0
4572 1
4573 1
4574 0
4575 1
4576 1
4577 1
4578 0
4579 1
4580 0
4581 0
4582 0
4583 0
4584 0
4585 0
4586 0
4587 1
4588 1
4589 1
4590 0
4591 0
4592 0
4593 0
4594 1
4595 0
4596 0
4597 1
4598 0
4599 0
4600 0
4601 0
4602 1
4603 1
4604 1
4605 0
4606 0
4607 1
4608 0
4609 1
4610 0
4611 1
4612 0
4613 0
4614 0
4615 0
4616 0
4617 0
4618 0
4619 0
4620 0
4621 0
4622 0
4623 1
4624 0
4625 0
4626 0
4627 0
4628 1
4629 1
4630 0
4631 0
4632 1
4633 0
4634 0
4635 0
4636 0
4637 1
4638 1
4639 0
4640 0
4641 1
4642 0
4643 0
4644 0
4645 0
4646 0
4647 0
4648 0
4649 1
4650 0
4651 0
4652 1
4653 1
4654 0
4655 0
4656 1
4657 1
4658 1
4659 1
4660 0
4661 0
4662 0
4663 1
4664 0
4665 1
4666 0
4667 0
4668 0
4669 0
4670 0
4671 1
4672 0
4673 0
4674 0
4675 1
4676 1
4677 1
4678 1
4679 0
4680 0
4681 0
4682 0
4683 0
4684 0
4685 1
4686 0
4687 1
4688 1
4689 0
4690 0
4691 1
4692 0
4693 1
4694 0
4695 0
4696 0
4697 0
4698 0
4699 0
4700 0
4701 1
4702 0
4703 0
4704 0
4705 1
4706 0
4707 0
4708 0
4709 0
4710 0
4711 0
4712 1
4713 0
4714 0
4715 0
4716 1
4717 0
4718 0
4719 0
4720 0
4721 1
4722 0
4723 0
4724 0
4725 1
4726 1
4727 1
4728 1
4729 0
4730 1
4731 0
4732 1
4733 0
4734 0
4735 0
4736 1
4737 0
4738 0
4739 0
4740 0
4741 0
4742 0
4743 0
4744 0
4745 0
4746 1
4747 1
4748 1
4749 0
4750 1
4751 0
4752 0
4753 0
4754 0
4755 1
4756 0
4757 1
4758 1
4759 1
4760 0
4761 0
4762 0
4763 0
4764 1
4765 0
4766 1
4767 0
4768 0
4769 1
4770 0
4771 0
4772 0
4773 0
4774 0
4775 1
4776 1
4777 0
4778 1
4779 0
4780 0
4781 0
4782 0
4783 0
4784 1
4785 0
4786 0
4787 0
4788 0
4789 1
4790 1
4791 0
4792 0
4793 0
4794 0
4795 1
4796 0
4797 0
4798 1
4799 0
4800 0
4801 0
4802 0
4803 0
4804 0
4805 1
4806 0
4807 0
4808 0
4809 1
4810 0
4811 1
4812 0
4813 0
4814 1
4815 0
4816 0
4817 1
4818 0
4819 0
4820 0
4821 0
4822 0
4823 0
4824 0
4825 1
4826 0
4827 0
4828 0
4829 0
4830 0
4831 0
4832 0
4833 0
4834 0
4835 1
4836 1
4837 0
4838 0
4839 1
4840 0
4841 0
4842 1
4843 0
4844 0
4845 0
4846 0
4847 0
4848 0
4849 0
4850 0
4851 0
4852 0
4853 1
4854 0
4855 0
4856 0
4857 0
4858 0
4859 0
4860 0
4861 1
4862 0
4863 0
4864 0
4865 0
4866 0
4867 0
4868 0
4869 1
4870 1
4871 0
4872 0
4873 0
4874 0
4875 0
4876 0
4877 0
4878 1
4879 0
4880 0
4881 1
4882 0
4883 0
4884 0
4885 0
4886 0
4887 1
4888 0
4889 1
4890 0
4891 0
4892 0
4893 1
4894 0
4895 0
4896 0
4897 1
4898 0
4899 0
4900 0
4901 0
4902 0
4903 0
4904 0
4905 0
4906 1
4907 1
4908 0
4909 0
4910 0
4911 0
4912 1
4913 1
4914 1
4915 0
4916 0
4917 0
4918 0
4919 0
4920 1
4921 0
4922 0
4923 1
4924 0
4925 0
4926 0
4927 0
4928 1
4929 1
4930 0
4931 0
4932 1
4933 1
4934 1
4935 1
4936 0
4937 0
4938 0
4939 1
4940 1
4941 1
4942 0
4943 0
4944 0
4945 0
4946 0
4947 1
4948 0
4949 1
4950 1
4951 0
4952 1
4953 0
4954 0
4955 0
4956 0
4957 0
4958 0
4959 0
4960 0
4961 0
4962 0
4963 0
4964 0
4965 0
4966 1
4967 0
4968 1
4969 0
4970 1
4971 1
4972 0
4973 0
4974 0
4975 1
4976 0
4977 0
4978 0
4979 0
4980 1
4981 0
4982 1
4983 1
4984 1
4985 0
4986 1
4987 0
4988 0
4989 0
4990 1
4991 0
4992 0
4993 0
4994 1
4995 1
4996 0
4997 1
4998 1
4999 0
5000 1
5001 0
5002 0
5003 0
5004 0
5005 0
5006 1
5007 0
5008 0
5009 0
5010 1
5011 0
5012 0
5013 1
5014 0
5015 1
5016 0
5017 0
5018 0
5019 0
5020 0
5021 0
5022 0
5023 0
5024 1
5025 0
5026 1
5027 0
5028 0
5029 1
5030 0
5031 0
5032 1
5033 0
5034 0
5035 1
5036 0
5037 0
5038 0
5039 0
5040 1
5041 1
5042 1
5043 0
5044 0
5045 0
5046 1
5047 0
5048 1
5049 1
5050 0
5051 0
5052 0
5053 0
5054 1
5055 0
5056 0
5057 1
5058 0
5059 1
5060 0
5061 1
5062 0
5063 0
5064 1
5065 0
5066 0
5067 0
5068 0
5069 0
5070 0
5071 0
5072 0
5073 1
5074 0
5075 1
5076 0
5077 1
5078 1
5079 0
5080 1
5081 0
5082 0
5083 0
5084 0
5085 0
5086 0
5087 0
5088 0
5089 0
5090 0
5091 0
5092 1
5093 0
5094 0
5095 1
5096 0
5097 1
5098 1
5099 0
5100 0
5101 1
5102 0
5103 1
5104 0
5105 0
5106 1
5107 1
5108 0
5109 1
5110 0
5111 0
5112 0
5113 0
5114 1
5115 0
5116 0
5117 0
5118 1
5119 0
5120 0
5121 0
5122 1
5123 0
5124 0
5125 0
5126 0
5127 0
5128 0
5129 0
5130 0
5131 0
5132 0
5133 0
5134 0
5135 1
5136 0
5137 0
5138 0
5139 0
5140 1
5141 0
5142 1
5143 0
5144 0
5145 1
5146 1
5147 0
5148 1
5149 0
5150 0
5151 0
5152 1
5153 0
5154 0
5155 0
5156 1
5157 0
5158 0
5159 0
5160 0
5161 1
5162 0
5163 0
5164 0
5165 0
5166 0
5167 1
5168 0
5169 1
5170 0
5171 0
5172 1
5173 0
5174 0
5175 0
5176 0
5177 0
5178 0
5179 0
5180 0
5181 1
5182 1
5183 1
5184 0
5185 0
5186 0
5187 0
5188 1
5189 0
5190 0
5191 1
5192 0
5193 1
5194 1
5195 1
5196 1
5197 1
5198 0
5199 0
5200 0
5201 0
5202 0
5203 0
5204 1
5205 1
5206 1
5207 1
5208 0
5209 0
5210 0
5211 0
5212 0
5213 0
5214 1
5215 0
5216 0
5217 0
5218 0
5219 1
5220 1
5221 1
5222 0
5223 0
5224 0
5225 0
5226 0
5227 1
5228 0
5229 0
5230 1
5231 0
5232 0
5233 1
5234 0
5235 0
5236 0
5237 0
5238 1
5239 0
5240 0
5241 0
5242 1
5243 0
5244 0
5245 0
5246 0
5247 0
5248 0
5249 0
5250 1
5251 0
5252 0
5253 0
5254 0
5255 0
5256 1
5257 1
5258 1
5259 0
5260 0
5261 0
5262 0
5263 0
5264 0
5265 0
5266 0
5267 1
5268 0
5269 1
5270 0
5271 0
5272 0
5273 1
5274 0
5275 1
5276 0
5277 1
5278 0
5279 1
5280 0
5281 0
5282 1
5283 0
5284 0
5285 0
5286 0
5287 0
5288 1
5289 0
5290 1
5291 0
5292 0
5293 0
5294 1
5295 0
5296 0
5297 0
5298 0
5299 0
5300 1
5301 0
5302 0
5303 0
5304 1
5305 1
5306 0
5307 0
5308 0
5309 0
5310 0
5311 0
5312 0
5313 0
5314 1
5315 0
5316 0
5317 0
5318 0
5319 0
5320 1
5321 1
5322 0
5323 0
5324 0
5325 0
5326 1
5327 0
5328 0
5329 1
5330 0
5331 0
5332 0
5333 0
5334 1
5335 0
5336 1
5337 0
5338 0
5339 1
5340 0
5341 0
5342 0
5343 0
5344 1
5345 0
5346 1
5347 1
5348 0
5349 1
5350 1
5351 0
5352 1
5353 0
5354 0
5355 0
5356 0
5357 1
5358 0
5359 1
5360 1
5361 0
5362 0
5363 0
5364 0
5365 1
5366 0
5367 0
5368 0
5369 0
5370 0
5371 0
5372 0
5373 0
5374 0
5375 0
5376 0
5377 0
5378 0
5379 0
5380 1
5381 0
5382 0
5383 0
5384 0
5385 0
5386 1
5387 0
5388 0
5389 0
5390 0
5391 0
5392 0
5393 0
5394 0
5395 1
5396 0
5397 0
5398 1
5399 1
5400 1
5401 0
5402 0
5403 0
5404 0
5405 0
5406 0
5407 1
5408 0
5409 0
5410 1
5411 0
5412 1
5413 0
5414 0
5415 0
5416 1
5417 0
5418 0
5419 0
5420 0
5421 1
5422 0
5423 0
5424 0
5425 1
5426 0
5427 0
5428 0
5429 1
5430 0
5431 1
5432 0
5433 0
5434 1
5435 0
5436 1
5437 0
5438 1
5439 0
5440 0
5441 1
5442 0
5443 0
5444 0
5445 0
5446 0
5447 0
5448 0
5449 0
5450 0
5451 0
5452 0
5453 0
5454 0
5455 1
5456 0
5457 0
5458 0
5459 0
5460 0
5461 0
5462 0
5463 0
5464 1
5465 0
5466 0
5467 0
5468 1
5469 1
5470 1
5471 0
5472 0
5473 0
5474 0
5475 0
5476 0
5477 0
5478 0
5479 0
5480 0
5481 0
5482 0
5483 0
5484 0
5485 1
5486 0
5487 0
5488 0
5489 1
5490 0
5491 1
5492 0
5493 0
5494 0
5495 0
5496 0
5497 0
5498 0
5499 0
5500 0
5501 0
5502 0
5503 0
5504 0
5505 0
5506 0
5507 0
5508 0
5509 0
5510 0
5511 0
5512 1
5513 0
5514 0
5515 0
5516 0
5517 0
5518 0
5519 0
5520 0
5521 0
5522 0
5523 0
5524 0
5525 0
5526 0
5527 0
5528 1
5529 0
5530 0
5531 0
5532 0
5533 0
5534 0
5535 0
5536 0
5537 0
5538 0
5539 0
5540 0
5541 0
5542 0
5543 1
5544 1
5545 0
5546 0
5547 0
5548 1
5549 0
5550 0
5551 0
5552 0
5553 0
5554 1
5555 0
5556 0
5557 0
5558 0
5559 0
5560 0
5561 1
5562 1
5563 0
5564 0
5565 0
5566 0
5567 0
5568 0
5569 0
5570 0
5571 0
5572 0
5573 0
5574 0
5575 1
5576 0
5577 1
5578 0
5579 0
5580 0
5581 0
5582 0
5583 0
5584 0
5585 0
5586 0
5587 0
5588 0
5589 0
5590 0
5591 0
5592 0
5593 0
5594 1
5595 0
5596 1
5597 0
5598 0
5599 0
5600 0
5601 0
5602 0
5603 0
5604 0
5605 0
5606 0
5607 0
5608 0
5609 0
5610 1
5611 0
5612 0
5613 0
5614 0
5615 0
5616 0
5617 0
5618 1
5619 1
5620 0
5621 1
5622 0
5623 0
5624 0
5625 0
5626 1
5627 0
5628 1
5629 0
5630 0
5631 0
5632 0
5633 1
5634 0
5635 0
5636 1
5637 1
5638 0
5639 0
5640 0
5641 0
5642 0
5643 1
5644 1
5645 0
5646 1
5647 0
5648 1
5649 0
5650 0
5651 1
5652 0
5653 0
5654 0
5655 0
5656 0
5657 0
5658 0
5659 0
5660 0
5661 0
5662 0
5663 0
5664 1
5665 0
5666 1
5667 0
5668 0
5669 0
5670 0
5671 0
5672 0
5673 0
5674 0
5675 0
5676 0
5677 0
5678 0
5679 0
5680 0
5681 0
5682 0
5683 0
5684 1
5685 0
5686 0
5687 0
5688 1
5689 0
5690 1
5691 0
5692 0
5693 0
5694 0
5695 0
5696 0
5697 0
5698 0
5699 0
5700 0
5701 0
5702 0
5703 0
5704 0
5705 0
5706 0
5707 0
5708 0
5709 1
5710 0
5711 0
5712 1
5713 0
5714 0
5715 0
5716 0
5717 0
5718 0
5719 0
5720 0
5721 0
5722 0
5723 0
5724 0
5725 0
5726 0
5727 0
5728 0
5729 0
5730 0
5731 1
5732 0
5733 0
5734 0
5735 0
5736 0
5737 0
5738 1
5739 0
5740 0
5741 0
5742 0
5743 0
5744 1
5745 1
5746 0
5747 0
5748 0
5749 0
5750 0
5751 0
5752 1
5753 1
5754 0
5755 0
5756 0
5757 0
5758 1
5759 0
5760 0
5761 0
5762 0
5763 0
5764 1
5765 1
5766 0
5767 0
5768 0
5769 0
5770 0
5771 0
5772 0
5773 0
5774 0
5775 0
5776 0
5777 0
5778 0
5779 0
5780 1
5781 0
5782 0
5783 0
5784 1
5785 0
5786 0
5787 0
5788 0
5789 0
5790 0
5791 0
5792 0
5793 0
5794 0
5795 0
5796 0
5797 0
5798 0
5799 0
5800 0
5801 0
5802 0
5803 0
5804 0
5805 0
5806 0
5807 0
5808 0
5809 0
5810 0
5811 0
5812 0
5813 0
5814 0
5815 0
5816 0
5817 0
5818 0
5819 0
5820 1
5821 0
5822 0
5823 0
5824 0
5825 0
5826 0
5827 0
5828 0
5829 0
5830 0
5831 0
5832 0
5833 1
5834 0
5835 0
5836 0
5837 1
5838 0
5839 1
5840 0
5841 0
5842 0
5843 0
5844 0
5845 0
5846 0
5847 0
5848 0
5849 0
5850 0
5851 0
5852 1
5853 0
5854 0
5855 0
5856 1
5857 0
5858 0
5859 0
5860 0
5861 0
5862 1
5863 0
5864 0
5865 1
5866 0
5867 0
5868 0
5869 0
5870 0
5871 0
5872 0
5873 0
5874 0
5875 1
5876 0
5877 0
5878 0
5879 0
5880 0
5881 0
5882 1
5883 0
5884 0
5885 0
5886 0
5887 1
5888 0
5889 0
5890 0
5891 0
5892 0
5893 0
5894 1
5895 0
5896 0
5897 0
5898 1
5899 0
5900 0
5901 0
5902 0
5903 1
5904 0
5905 1
5906 0
5907 0
5908 0
5909 0
5910 0
5911 0
5912 0
5913 0
5914 1
5915 0
5916 0
5917 0
5918 0
5919 0
5920 0
5921 0
5922 0
5923 0
5924 0
5925 1
5926 0
5927 0
5928 0
5929 0
5930 0
5931 0
5932 0
5933 0
5934 0
5935 0
5936 0
5937 0
5938 0
5939 0
5940 0
5941 0
5942 0
5943 0
5944 0
5945 0
5946 0
5947 1
5948 0
5949 0
5950 1
5951 0
5952 0
5953 0
5954 0
5955 0
5956 0
5957 0
5958 0
5959 0
5960 0
5961 1
5962 1
5963 0
5964 0
5965 0
5966 0
5967 0
5968 0
5969 0
5970 0
5971 0
5972 1
5973 0
5974 0
5975 0
5976 0
5977 0
5978 0
5979 0
5980 0
5981 0
5982 0
5983 0
5984 0
5985 0
5986 0
5987 0
5988 0
5989 0
5990 0
5991 0
5992 0
5993 1
5994 0
5995 0
5996 0
5997 0
5998 0
5999 0
6000 0
6001 1
6002 0
6003 0
6004 0
6005 0
6006 0
6007 0
6008 1
6009 0
6010 0
6011 0
6012 1
6013 0
6014 0
6015 0
6016 0
6017 0
6018 0
6019 0
6020 0
6021 0
6022 0
6023 0
6024 0
6025 0
6026 0
6027 0
6028 0
6029 0
6030 0
6031 0
6032 0
6033 0
6034 0
6035 0
6036 0
6037 0
6038 0
6039 0
6040 0
6041 0
6042 0
6043 0
6044 0
6045 0
6046 0
6047 0
6048 0
6049 1
6050 0
6051 0
6052 0
6053 0
6054 0
6055 0
6056 0
6057 0
6058 0
6059 0
6060 0
6061 0
6062 0
6063 0
6064 0
6065 0
6066 0
6067 0
6068 0
6069 0
6070 1
6071 0
6072 0
6073 0
6074 0
6075 0
6076 0
6077 0
6078 0
6079 0
6080 0
6081 0
6082 0
6083 0
6084 0
6085 0
6086 0
6087 1
6088 0
6089 0
6090 0
6091 0
6092 0
6093 0
6094 0
6095 0
6096 0
6097 0
6098 0
6099 0
6100 0
6101 1
6102 0
6103 1
6104 0
6105 0
6106 0
6107 0
6108 0
6109 1
6110 0
6111 0
6112 0
6113 0
6114 0
6115 0
6116 0
6117 0
6118 1
6119 0
6120 0
6121 0
6122 0
6123 0
6124 0
6125 0
6126 0
6127 1
6128 0
6129 0
6130 0
6131 1
6132 0
6133 0
6134 0
6135 0
6136 0
6137 0
6138 0
6139 0
6140 0
6141 0
6142 1
6143 0
6144 0
6145 0
6146 0
6147 0
6148 0
6149 0
6150 0
6151 0
6152 0
6153 0
6154 0
6155 0
6156 1
6157 0
6158 0
6159 0
6160 0
6161 0
6162 0
6163 0
6164 0
6165 0
6166 0
6167 0
6168 0
6169 0
6170 0
6171 0
6172 0
6173 0
6174 0
6175 0
6176 0
6177 0
6178 0
6179 0
6180 0
6181 0
6182 0
6183 0
6184 0
6185 0
6186 0
6187 0
6188 0
6189 0
6190 0
6191 0
6192 0
6193 0
6194 0
6195 0
6196 0
6197 0
6198 0
6199 0
6200 0
6201 0
6202 0
6203 0
6204 0
6205 0
6206 0
6207 0
6208 0
6209 0
6210 0
6211 0
6212 0
6213 0
6214 0
6215 0
6216 0
6217 0
6218 0
6219 0
6220 1
6221 0
6222 0
6223 0
6224 0
6225 0
6226 0
6227 0
6228 0
6229 0
6230 0
6231 0
6232 0
6233 0
6234 0
6235 0
6236 0
6237 0
6238 0
6239 0
6240 0
6241 0
6242 0
6243 0
6244 0
6245 0
6246 0
6247 0
6248 0
6249 0
6250 0
6251 0
6252 0
6253 0
6254 0
6255 0
6256 0
6257 0
6258 0
6259 0
6260 0
6261 0
6262 0
6263 0
6264 0
6265 0
6266 1
6267 0
6268 0
6269 0
6270 0
6271 0
6272 0
6273 1
6274 0
6275 0
6276 0
6277 0
6278 0
6279 0
6280 0
6281 0
6282 0
6283 0
6284 0
6285 0
6286 0
6287 0
6288 0
6289 0
6290 0
6291 0
6292 0
6293 0
6294 0
6295 0
6296 0
6297 0
6298 0
6299 0
6300 0
6301 0
6302 0
6303 0
6304 0
6305 0
6306 0
6307 0
6308 0
6309 0
6310 0
6311 0
6312 0
6313 0
6314 0
6315 0
6316 0
6317 0
6318 0
6319 0
6320 0
6321 0
6322 0
6323 0
6324 0
6325 0
6326 0
6327 0
6328 0
6329 0
6330 0
6331 0
6332 0
6333 0
6334 0
6335 0
6336 0
6337 0
6338 0
6339 0
6340 0
6341 0
6342 0
6343 1
6344 0
6345 0
6346 0
6347 1
6348 0
6349 0
6350 0
6351 1
6352 0
6353 0
6354 0
6355 0
6356 0
6357 0
6358 0
6359 0
6360 0
6361 0
6362 0
6363 0
6364 0
6365 0
6366 0
6367 0
6368 0
6369 0
6370 0
6371 0
6372 1
6373 1
6374 0
6375 0
6376 0
6377 1
6378 0
6379 0
6380 0
6381 0
6382 0
6383 0
6384 0
6385 0
6386 0
6387 1
6388 0
6389 0
6390 0
6391 0
6392 0
6393 0
6394 0
6395 0
6396 0
6397 0
6398 0
6399 0
6400 0
6401 1
6402 0
6403 0
6404 0
6405 0
6406 0
6407 1
6408 0
6409 0
6410 0
6411 0
6412 0
6413 0
6414 0
6415 0
6416 0
6417 0
6418 0
6419 0
6420 0
6421 0
6422 0
6423 0
6424 0
6425 0
6426 1
6427 0
6428 0
6429 0
6430 0
6431 0
6432 0
6433 0
6434 0
6435 0
6436 0
6437 0
6438 0
6439 0
6440 0
6441 0
6442 0
6443 0
6444 1
6445 1
6446 0
6447 0
6448 0
6449 0
6450 0
6451 0
6452 0
6453 0
6454 0
6455 0
6456 0
6457 0
6458 0
6459 0
6460 0
6461 0
6462 1
6463 0
6464 0
6465 0
6466 0
6467 0
6468 0
6469 0
6470 0
6471 0
6472 0
6473 1
6474 0
6475 0
6476 0
6477 0
6478 0
6479 0
6480 0
6481 0
6482 0
6483 0
6484 0
6485 0
6486 0
6487 0
6488 0
6489 0
6490 0
6491 0
6492 0
6493 0
6494 0
6495 0
6496 0
6497 0
6498 0
6499 0
6500 0
6501 0
6502 0
6503 0
6504 0
6505 0
6506 1
6507 0
6508 0
6509 0
6510 0
6511 0
6512 0
6513 0
6514 0
6515 0
6516 0
6517 0
6518 1
6519 0
6520 0
6521 1
6522 0
6523 0
6524 0
6525 0
6526 0
6527 0
6528 0
6529 0
6530 0
6531 0
6532 0
6533 0
6534 0
6535 0
6536 0
6537 0
6538 0
6539 0
6540 0
6541 0
6542 0
6543 0
6544 0
6545 0
6546 0
6547 0
6548 0
6549 0
6550 0
6551 0
6552 1
6553 0
6554 0
6555 0
6556 0
6557 0
6558 0
6559 1
6560 0
6561 0
6562 0
6563 1
6564 0
6565 0
6566 0
6567 1
6568 0
6569 0
6570 0
6571 0
6572 0
6573 0
6574 0
6575 0
6576 0
6577 0
6578 0
6579 0
6580 0
6581 0
6582 0
6583 0
6584 0
6585 0
6586 0
6587 0
6588 1
6589 0
6590 0
6591 0
6592 0
6593 0
6594 0
6595 0
6596 0
6597 0
6598 0
6599 0
6600 0
6601 0
6602 0
6603 0
6604 0
6605 0
6606 0
6607 0
6608 0
6609 1
6610 0
6611 0
6612 0
6613 0
6614 0
6615 0
6616 0
6617 0
6618 0
6619 0
6620 0
6621 0
6622 0
6623 0
6624 0
6625 0
6626 0
6627 0
6628 0
6629 0
6630 0
6631 0
6632 0
6633 0
6634 0
6635 0
6636 0
6637 0
6638 0
6639 0
6640 0
6641 0
6642 0
6643 0
6644 0
6645 0
6646 0
6647 0
6648 1
6649 0
6650 0
6651 0
6652 0
6653 0
6654 0
6655 0
6656 0
6657 0
6658 0
6659 0
6660 0
6661 0
6662 0
6663 0
6664 0
6665 0
6666 0
6667 0
6668 0
6669 0
6670 0
6671 0
6672 0
6673 0
6674 0
6675 0
6676 0
6677 0
6678 0
6679 0
6680 0
6681 0
6682 0
6683 0
6684 0
6685 0
6686 0
6687 0
6688 0
6689 0
6690 0
6691 0
6692 0
6693 0
6694 0
6695 0
6696 0
6697 0
6698 0
6699 0
6700 0
6701 0
6702 0
6703 0
6704 0
6705 0
6706 0
6707 0
6708 0
6709 0
6710 0
6711 0
6712 0
6713 0
6714 0
6715 0
6716 0
6717 0
6718 0
6719 0
6720 0
6721 0
6722 0
6723 0
6724 0
6725 0
6726 0
6727 0
6728 0
6729 0
6730 0
6731 0
6732 0
6733 0
6734 0
6735 0
6736 0
6737 0
6738 0
6739 0
6740 1
6741 0
6742 0
6743 0
6744 0
6745 0
6746 0
6747 0
6748 0
6749 0
6750 0
6751 0
6752 0
6753 0
6754 0
6755 0
6756 0
6757 0
6758 0
6759 1
6760 0
6761 0
6762 0
6763 1
6764 0
6765 0
6766 0
6767 0
6768 0
6769 0
6770 0
6771 0
6772 0
6773 0
6774 0
6775 0
6776 0
6777 0
6778 0
6779 0
6780 0
6781 0
6782 0
6783 0
6784 0
6785 0
6786 0
6787 0
6788 0
6789 0
6790 0
6791 0
6792 0
6793 1
6794 0
6795 0
6796 0
6797 0
6798 0
6799 0
6800 0
6801 0
6802 1
6803 0
6804 0
6805 0
6806 0
6807 0
6808 0
6809 1
6810 0
6811 0
6812 0
6813 0
6814 0
6815 0
6816 0
6817 0
6818 0
6819 0
6820 0
6821 0
6822 0
6823 0
6824 1
6825 0
6826 0
6827 0
6828 0
6829 0
6830 0
6831 0
6832 0
6833 0
6834 0
6835 0
6836 0
6837 0
6838 0
6839 0
6840 0
6841 0
6842 0
6843 0
6844 0
6845 0
6846 0
6847 0
6848 0
6849 0
6850 0
6851 0
6852 0
6853 0
6854 0
6855 0
6856 0
6857 0
6858 0
6859 0
6860 0
6861 0
6862 0
6863 0
6864 0
6865 0
6866 0
6867 0
6868 0
6869 0
6870 0
6871 0
6872 0
6873 0
6874 0
6875 0
6876 0
6877 0
6878 0
6879 1
6880 0
6881 0
6882 0
6883 0
6884 0
6885 0
6886 0
6887 0
6888 0
6889 0
6890 0
6891 0
6892 0
6893 0
6894 0
6895 0
6896 0
6897 0
6898 0
6899 0
6900 0
6901 0
6902 0
6903 0
6904 0
6905 0
6906 0
6907 0
6908 0
6909 0
6910 0
6911 0
6912 0
6913 0
6914 0
6915 0
6916 0
6917 0
6918 0
6919 0
6920 0
6921 0
6922 0
6923 0
6924 0
6925 0
6926 0
6927 0
6928 0
6929 0
6930 0
6931 0
6932 0
6933 0
6934 0
6935 0
6936 0
6937 0
6938 0
6939 0
6940 0
6941 0
6942 0
6943 0
6944 0
6945 0
6946 0
6947 0
6948 0
6949 0
6950 0
6951 0
6952 0
6953 0
6954 1
6955 0
6956 0
6957 0
6958 0
6959 0
6960 0
6961 0
6962 0
6963 0
6964 0
6965 0
6966 0
6967 0
6968 0
6969 0
6970 0
6971 0
6972 0
6973 1
6974 0
6975 0
6976 0
6977 0
6978 0
6979 0
6980 0
6981 0
6982 0
6983 0
6984 0
6985 0
6986 0
6987 0
6988 0
6989 0
6990 0
6991 0
6992 0
6993 0
6994 0
6995 0
6996 0
6997 0
6998 0
6999 0
7000 0
7001 0
7002 0
7003 0
7004 0
7005 0
7006 0
7007 0
7008 0
7009 0
7010 0
7011 0
7012 0
7013 0
7014 0
7015 0
7016 0
7017 0
7018 0
7019 0
7020 0
7021 0
7022 0
7023 0
7024 0
7025 0
7026 0
7027 0
7028 1
7029 0
7030 0
7031 0
7032 0
7033 0
7034 0
7035 0
7036 0
7037 0
7038 0
7039 1
7040 1
7041 0
7042 0
7043 0
7044 0
7045 0
7046 0
7047 0
7048 0
7049 0
7050 0
7051 0
7052 0
7053 0
7054 0
7055 0
7056 0
7057 0
7058 0
7059 0
7060 0
7061 0
7062 0
7063 0
7064 0
7065 0
7066 0
7067 0
7068 0
7069 0
7070 0
7071 0
7072 0
7073 0
7074 0
7075 0
7076 0
7077 0
7078 0
7079 0
7080 0
7081 0
7082 0
7083 0
7084 0
7085 0
7086 0
7087 0
7088 0
7089 0
7090 0
7091 0
7092 0
7093 0
7094 0
7095 0
7096 0
7097 0
7098 0
7099 0
7100 0
7101 0
7102 0
7103 0
7104 0
7105 0
7106 0
7107 0
7108 0
7109 0
7110 0
7111 0
7112 0
7113 0
7114 0
7115 0
7116 0
7117 0
7118 0
7119 0
7120 0
7121 0
7122 0
7123 0
7124 0
7125 0
7126 0
7127 0
7128 0
7129 0
7130 0
7131 0
7132 0
7133 0
7134 0
7135 0
7136 0
7137 0
7138 0
7139 0
7140 0
7141 0
7142 0
7143 0
7144 0
7145 0
7146 0
7147 0
7148 0
7149 0
7150 0
7151 0
7152 0
7153 0
7154 0
7155 0
7156 0
7157 0
7158 0
7159 0
7160 0
7161 0
7162 0
7163 0
7164 0
7165 0
7166 0
7167 0
7168 0
7169 0
7170 0
7171 0
7172 0
7173 0
7174 0
7175 0
7176 0
7177 0
7178 0
7179 0
7180 0
7181 0
7182 0
7183 0
7184 0
7185 0
7186 0
7187 0
7188 0
7189 0
7190 0
7191 0
7192 0
7193 0
7194 0
7195 0
7196 0
7197 0
7198 0
7199 0
7200 0
7201 0
7202 0
7203 0
7204 0
7205 0
7206 0
7207 0
7208 0
7209 0
7210 0
7211 0
7212 0
7213 0
7214 0
7215 0
7216 0
7217 1
7218 0
7219 0
7220 0
7221 0
7222 0
7223 0
7224 0
7225 0
7226 0
7227 0
7228 0
7229 0
7230 0
7231 0
7232 0
7233 0
7234 0
7235 0
7236 0
7237 0
7238 0
7239 0
7240 0
7241 0
7242 0
7243 0
7244 0
7245 0
7246 0
7247 0
7248 0
7249 0
7250 0
7251 0
7252 0
7253 0
7254 0
7255 0
7256 0
7257 0
7258 0
7259 0
7260 0
7261 0
7262 0
7263 0
7264 0
7265 0
7266 0
7267 0
7268 0
7269 0
7270 0
7271 0
7272 0
7273 0
7274 0
7275 0
7276 0
7277 0
7278 0
7279 0
7280 0
7281 0
7282 0
7283 0
7284 0
7285 0
7286 0
7287 0
7288 0
7289 0
7290 0
7291 0
7292 0
7293 0
7294 0
7295 0
7296 0
7297 0
7298 0
7299 0
7300 0
7301 0
7302 0
7303 0
7304 0
7305 0
7306 0
7307 0
7308 0
7309 0
7310 0
7311 0
7312 0
7313 0
7314 0
7315 0
7316 0
7317 0
7318 0
7319 0
7320 0
7321 0
7322 0
7323 0
7324 0
7325 0
7326 0
7327 0
7328 0
7329 0
7330 0
7331 0
7332 0
7333 0
7334 0
7335 0
7336 0
7337 0
7338 0
7339 1
7340 0
7341 0
7342 0
7343 0
7344 0
7345 0
7346 0
7347 0
7348 0
7349 0
7350 0
7351 0
7352 0
7353 0
7354 0
7355 0
7356 0
7357 0
7358 0
7359 0
7360 0
7361 0
7362 0
7363 0
7364 0
7365 0
7366 0
7367 0
7368 0
7369 0
7370 0
7371 0
7372 0
7373 0
7374 0
7375 0
7376 0
7377 0
7378 0
7379 0
7380 0
7381 0
7382 0
7383 0
7384 0
7385 0
7386 0
7387 0
7388 0
7389 0
7390 0
7391 0
7392 0
7393 0
7394 0
7395 0
7396 0
7397 0
7398 0
7399 0
7400 0
7401 0
7402 0
7403 0
7404 0
7405 0
7406 0
7407 0
7408 0
7409 0
7410 0
7411 0
7412 0
7413 0
7414 0
7415 0
7416 0
7417 0
7418 0
7419 0
7420 0
7421 0
7422 0
7423 0
7424 0
7425 0
7426 0
7427 0
7428 0
7429 0
7430 0
7431 0
7432 0
7433 0
7434 0
7435 0
7436 0
7437 0
7438 0
7439 0
7440 0
7441 0
7442 0
7443 0
7444 0
7445 0
7446 0
7447 0
7448 0
7449 0
7450 0
7451 0
7452 0
7453 0
7454 0
7455 0
7456 0
7457 0
7458 0
7459 0
7460 0
7461 0
7462 0
7463 0
7464 0
7465 0
7466 0
7467 0
7468 0
7469 0
7470 0
7471 0
7472 0
7473 0
7474 0
7475 0
7476 0
7477 0
7478 0
7479 0
7480 0
7481 0
7482 0
7483 0
7484 0
7485 0
7486 0
7487 0
7488 0
7489 0
7490 0
7491 0
7492 0
7493 0
7494 0
7495 0
7496 0
7497 0
7498 0
7499 0
7500 0
7501 0
7502 0
7503 0
7504 0
7505 0
7506 0
7507 0
7508 0
7509 0
7510 0
7511 0
7512 0
7513 0
7514 0
7515 0
7516 0
7517 0
7518 0
7519 0
7520 0
7521 0
7522 0
7523 0
7524 0
7525 0
7526 0
7527 0
7528 0
7529 0
7530 0
7531 0
7532 0
7533 0
7534 0
7535 0
7536 0
7537 0
7538 0
7539 0
7540 0
7541 0
7542 0
7543 0
7544 0
7545 0
7546 0
7547 0
7548 0
7549 0
7550 0
7551 0
7552 0
7553 0
7554 0
7555 0
7556 0
7557 0
7558 0
7559 0
7560 1
7561 0
7562 0
7563 0
7564 0
7565 0
7566 0
7567 0
7568 0
7569 0
7570 0
7571 0
7572 0
7573 0
7574 0
7575 0
7576 0
7577 0
7578 0
7579 0
7580 0
7581 0
7582 0
7583 0
7584 0
7585 0
7586 0
7587 0
7588 0
7589 0
7590 0
7591 0
7592 0
7593 0
7594 0
7595 0
7596 0
7597 0
7598 0
7599 0
7600 0
7601 0
7602 0
7603 0
7604 0
7605 0
7606 0
7607 0
7608 0
7609 0
7610 0
7611 0
7612 0
7613 0
7614 0
7615 0
7616 0
7617 0
7618 0
7619 0
7620 0
7621 0
7622 0
7623 0
7624 0
7625 0
7626 0
7627 0
7628 0
7629 0
7630 0
7631 0
7632 0
7633 0
7634 0
7635 0
7636 0
7637 0
7638 0
7639 0
7640 0
7641 0
7642 0
7643 0
7644 1
7645 0
7646 0
7647 0
7648 0
7649 0
7650 0
7651 0
7652 0
7653 0
7654 0
7655 0
7656 0
7657 0
7658 0
7659 0
7660 0
7661 0
7662 0
7663 0
7664 0
7665 0
7666 0
7667 1
7668 0
7669 0
7670 0
7671 0
7672 0
7673 0
7674 0
7675 0
7676 0
7677 0
7678 0
7679 0
7680 0
7681 1
7682 0
7683 0
7684 0
7685 0
7686 0
7687 0
7688 0
7689 0
7690 0
7691 0
7692 0
7693 0
7694 0
7695 0
7696 0
7697 0
7698 0
7699 0
7700 0
7701 0
7702 0
7703 0
7704 0
7705 0
7706 0
7707 0
7708 0
7709 0
7710 0
7711 0
7712 0
7713 0
7714 0
7715 0
7716 0
7717 0
7718 0
7719 0
7720 0
7721 0
7722 0
7723 0
7724 0
7725 0
7726 0
7727 0
7728 0
7729 0
7730 0
7731 0
7732 0
7733 0
7734 0
7735 0
7736 0
7737 0
7738 0
7739 0
7740 0
7741 0
7742 0
7743 0
7744 0
7745 0
7746 0
7747 0
7748 0
7749 0
7750 0
7751 0
7752 0
7753 0
7754 0
7755 0
7756 0
7757 0
7758 0
7759 0
7760 0
7761 0
7762 0
7763 0
7764 0
7765 0
7766 0
7767 0
7768 0
7769 0
7770 0
7771 0
7772 0
7773 0
7774 0
7775 0
7776 0
7777 0
7778 0
7779 0
7780 0
7781 0
7782 0
7783 0
7784 0
7785 0
7786 0
7787 0
7788 0
7789 0
7790 0
7791 0
7792 0
7793 0
7794 0
7795 0
7796 0
7797 0
7798 0
7799 0
7800 0
7801 0
7802 0
7803 0
7804 0
7805 0
7806 0
7807 0
7808 0
7809 0
7810 0
7811 0
7812 0
7813 0
7814 0
7815 0
7816 0
7817 0
7818 0
7819 0
7820 0
7821 0
7822 0
7823 0
7824 0
7825 0
7826 0
7827 0
7828 0
7829 0
7830 0
7831 0
7832 0
7833 0
7834 0
7835 0
7836 0
7837 0
7838 0
7839 0
7840 0
7841 0
7842 0
7843 0
7844 0
7845 0
7846 0
7847 0
7848 0
7849 0
7850 0
7851 0
7852 0
7853 0
7854 0
7855 0
7856 0
7857 0
7858 0
7859 0
7860 0
7861 0
7862 0
7863 0
7864 0
7865 0
7866 0
7867 0
7868 0
7869 0
7870 0
7871 0
7872 0
7873 0
7874 0
7875 0
7876 0
7877 0
7878 0
7879 0
7880 0
7881 0
7882 0
7883 0
7884 0
7885 0
7886 0
7887 0
7888 0
7889 0
7890 0
7891 0
7892 0
7893 0
7894 0
7895 0
7896 0
7897 0
7898 0
7899 0
7900 0
7901 0
7902 0
7903 0
7904 0
7905 0
7906 0
7907 0
7908 0
7909 0
7910 0
7911 0
7912 0
7913 0
7914 0
7915 0
7916 0
7917 0
7918 0
7919 0
7920 0
7921 0
7922 0
7923 0
7924 0
7925 0
7926 0
7927 0
7928 0
7929 0
7930 0
7931 0
7932 0
7933 0
7934 0
7935 0
7936 0
7937 0
7938 0
7939 0
7940 0
7941 0
7942 0
7943 0
7944 0
7945 0
7946 0
7947 0
7948 0
7949 0
7950 0
7951 0
7952 0
7953 0
7954 0
7955 0
7956 0
7957 0
7958 0
7959 0
7960 0
7961 0
7962 0
7963 0
7964 0
7965 0
7966 0
7967 0
7968 0
7969 0
7970 0
7971 0
7972 0
7973 0
7974 0
7975 0
7976 0
7977 0
7978 0
7979 0
7980 0
7981 0
7982 0
7983 0
7984 0
7985 0
7986 0
7987 0
7988 0
7989 0
7990 0
7991 0
7992 0
7993 0
7994 0
7995 0
7996 0
7997 0
7998 0
7999 0
8000 0
8001 0
8002 0
8003 0
8004 0
8005 0
8006 0
8007 0
8008 0
8009 0
8010 0
8011 0
8012 0
8013 0
8014 0
8015 0
8016 0
8017 0
8018 0
8019 0
8020 0
8021 0
8022 0
8023 0
8024 0
8025 0
8026 0
8027 0
8028 0
8029 0
8030 0
8031 0
8032 0
8033 0
8034 0
8035 0
8036 0
8037 0
8038 0
8039 0
